1 3
1 19
1 22
1 26
1 9
1 17
1 25
1 5
1 22
1 11
1 20
1 11
1 18
1 5
1 22
1 6
1 25
1 6
1 10
1 31
1 23
1 10
1 8
1 4
1 18
1 29
1 18
1 7
1 15
1 1
1 15
1 3
1 13
1 25
1 28
1 13
1 18
1 14
1 12
1 1
1 10
1 6
1 4
1 9
1 20
1 16
1 29
1 14
1 12
1 19
1 18
1 23
1 22
1 9
1 20
1 18
1 5
1 28
1 24
1 15
1 3
1 13
1 24
1 3
1 10
1 20
1 22
1 7
1 22
1 31
1 5
1 12
1 23
1 4
1 5
1 11
1 1
1 24
1 11
1 24
1 18
1 24
1 13
1 10
1 17
1 9
1 15
1 7
1 18
1 26
1 23
1 11
1 1
1 21
1 12
1 6
1 2
1 15
1 30
1 24
2 18
2 20
2 14
2 24
2 8
2 16
2 21
2 18
2 3
2 25
2 31
2 29
2 10
2 2
2 19
2 11
2 27
2 29
2 12
2 20
2 7
2 8
2 6
2 11
2 6
2 13
2 22
2 2
2 28
2 16
2 6
2 10
2 5
2 28
2 4
2 21
2 10
2 15
2 3
2 27
2 18
2 9
2 29
2 7
2 30
2 21
2 25
2 21
2 30
2 21
2 15
2 26
2 4
2 22
2 28
2 6
2 22
2 13
2 4
2 10
2 20
2 1
2 3
2 3
2 7
2 22
2 5
2 18
2 29
2 1
2 24
2 30
2 27
2 26
2 29
2 13
2 3
2 19
2 2
2 9
2 13
2 4
2 31
2 27
2 1
2 10
2 26
2 27
2 20
2 16
2 31
2 30
2 9
2 2
2 26
2 29
2 14
2 9
2 23
2 23
3 2
3 6
3 4
3 23
3 25
3 25
3 20
3 2
3 29
3 18
3 25
3 30
3 8
3 6
3 31
3 29
3 19
3 13
3 25
3 25
3 18
3 16
3 27
3 29
3 10
3 16
3 18
3 10
3 31
3 9
3 1
3 11
3 28
3 19
3 17
3 27
3 27
3 15
3 14
3 3
3 31
3 2
3 10
3 15
3 16
3 15
3 5
3 1
3 19
3 31
3 14
3 17
3 12
3 16
3 9
3 30
3 17
3 23
3 10
3 30
3 22
3 26
3 6
3 20
3 15
3 28
3 19
3 20
3 12
3 20
3 3
3 6
3 7
3 28
3 28
3 5
3 24
3 8
3 4
3 16
3 26
3 29
3 1
3 14
3 9
3 12
3 16
3 3
3 25
3 21
3 9
3 7
3 27
3 6
3 17
3 30
3 8
3 14
3 21
3 23
4 3
4 13
4 4
4 4
4 20
4 26
4 20
4 23
4 6
4 13
4 21
4 16
4 15
4 29
4 1
4 24
4 8
4 8
4 28
4 24
4 1
4 8
4 2
4 22
4 30
4 9
4 22
4 4
4 23
4 6
4 7
4 29
4 4
4 3
4 22
4 28
4 2
4 31
4 16
4 19
4 1
4 6
4 8
4 23
4 26
4 17
4 22
4 16
4 8
4 16
4 7
4 22
4 15
4 28
4 31
4 19
4 6
4 28
4 27
4 2
4 10
4 13
4 1
4 19
4 19
4 3
4 30
4 4
4 14
4 29
4 5
4 19
4 6
4 12
4 22
4 14
4 7
4 4
4 30
4 7
4 4
4 3
4 1
4 31
4 16
4 30
4 17
4 13
4 22
4 17
4 17
4 14
4 18
4 12
4 30
4 7
4 26
4 15
4 14
4 24
5 9
5 16
5 30
5 15
5 16
5 12
5 6
5 10
5 23
5 8
5 23
5 17
5 18
5 23
5 13
5 12
5 22
5 16
5 13
5 20
5 14
5 23
5 25
5 20
5 8
5 23
5 3
5 23
5 1
5 17
5 18
5 26
5 11
5 17
5 10
5 18
5 25
5 16
5 31
5 26
5 16
5 22
5 22
5 18
5 9
5 2
5 13
5 2
5 29
5 22
5 5
5 26
5 2
5 16
5 20
5 4
5 26
5 13
5 24
5 27
5 2
5 22
5 17
5 29
5 26
5 9
5 5
5 11
5 28
5 2
5 27
5 20
5 26
5 18
5 4
5 28
5 3
5 19
5 18
5 8
5 22
5 21
5 15
5 18
5 21
5 25
5 31
5 22
5 10
5 31
5 6
5 7
5 6
5 26
5 24
5 18
5 6
5 5
5 15
5 7
6 23
6 23
6 20
6 27
6 4
6 14
6 30
6 26
6 23
6 11
6 30
6 10
6 31
6 13
6 3
6 19
6 20
6 10
6 6
6 22
6 28
6 6
6 31
6 26
6 25
6 15
6 27
6 2
6 29
6 19
6 27
6 7
6 17
6 17
6 26
6 21
6 11
6 31
6 15
6 27
6 9
6 20
6 11
6 18
6 2
6 18
6 29
6 30
6 4
6 19
6 26
6 22
6 20
6 5
6 19
6 15
6 10
6 11
6 3
6 11
6 14
6 22
6 3
6 29
6 28
6 16
6 17
6 12
6 2
6 21
6 18
6 11
6 22
6 17
6 3
6 28
6 7
6 4
6 15
6 21
6 16
6 5
6 22
6 19
6 23
6 6
6 8
6 31
6 16
6 15
6 29
6 20
6 18
6 17
6 24
6 2
6 21
6 6
6 6
6 18
7 26
7 21
7 12
7 25
7 11
7 26
7 2
7 29
7 9
7 8
7 27
7 9
7 9
7 3
7 1
7 26
7 9
7 7
7 31
7 21
7 22
7 27
7 17
7 18
7 18
7 11
7 24
7 10
7 2
7 17
7 23
7 19
7 22
7 19
7 8
7 29
7 23
7 14
7 18
7 6
7 10
7 10
7 19
7 19
7 23
7 1
7 7
7 14
7 16
7 14
7 23
7 3
7 7
7 19
7 3
7 8
7 17
7 5
7 19
7 26
7 9
7 22
7 22
7 30
7 28
7 27
7 19
7 30
7 13
7 9
7 13
7 11
7 6
7 11
7 15
7 9
7 20
7 6
7 24
7 25
7 28
7 9
7 21
7 10
7 14
7 11
7 6
7 21
7 1
7 13
7 31
7 27
7 21
7 3
7 4
7 11
7 22
7 15
7 24
7 24
8 12
8 11
8 31
8 16
8 25
8 4
8 26
8 20
8 1
8 20
8 6
8 17
8 23
8 1
8 5
8 20
8 17
8 1
8 23
8 2
8 2
8 2
8 4
8 10
8 1
8 1
8 8
8 19
8 15
8 1
8 10
8 4
8 23
8 29
8 5
8 10
8 9
8 5
8 29
8 1
8 9
8 21
8 10
8 9
8 6
8 3
8 21
8 19
8 10
8 21
8 20
8 19
8 20
8 6
8 29
8 27
8 25
8 24
8 19
8 5
8 14
8 14
8 3
8 2
8 13
8 26
8 19
8 28
8 12
8 13
8 4
8 31
8 1
8 27
8 6
8 25
8 4
8 27
8 3
8 4
8 7
8 11
8 8
8 10
8 21
8 29
8 12
8 31
8 23
8 21
8 22
8 28
8 7
8 26
8 31
8 14
8 1
8 1
8 29
8 21
9 16
9 23
9 10
9 31
9 21
9 11
9 6
9 11
9 26
9 31
9 29
9 6
9 4
9 13
9 20
9 11
9 11
9 18
9 8
9 12
9 19
9 21
9 23
9 19
9 19
9 25
9 28
9 8
9 9
9 10
9 13
9 26
9 12
9 4
9 31
9 22
9 29
9 24
9 22
9 24
9 3
9 20
9 23
9 9
9 22
9 9
9 24
9 25
9 16
9 22
9 29
9 15
9 15
9 8
9 10
9 22
9 31
9 23
9 20
9 24
9 13
9 15
9 28
9 12
9 21
9 17
9 31
9 2
9 30
9 28
9 4
9 5
9 13
9 29
9 16
9 7
9 21
9 29
9 7
9 2
9 16
9 21
9 18
9 7
9 11
9 1
9 17
9 9
9 12
9 3
9 20
9 2
9 24
9 18
9 30
9 7
9 1
9 21
9 7
9 7
10 17
10 23
10 19
10 1
10 26
10 31
10 2
10 15
10 2
10 21
10 8
10 21
10 30
10 1
10 19
10 17
10 29
10 19
10 20
10 13
10 9
10 31
10 28
10 28
10 19
10 4
10 18
10 13
10 13
10 30
10 4
10 4
10 6
10 30
10 10
10 13
10 7
10 18
10 7
10 4
10 28
10 30
10 27
10 21
10 19
10 10
10 6
10 19
10 5
10 8
10 12
10 27
10 22
10 12
10 27
10 8
10 17
10 28
10 15
10 24
10 5
10 17
10 31
10 19
10 26
10 3
10 13
10 23
10 4
10 11
10 17
10 7
10 1
10 29
10 16
10 8
10 10
10 17
10 31
10 25
10 2
10 24
10 31
10 22
10 30
10 25
10 17
10 15
10 3
10 31
10 20
10 26
10 27
10 19
10 14
10 8
10 30
10 16
10 29
10 12
11 24
11 18
11 21
11 19
11 7
11 20
11 26
11 14
11 13
11 25
11 23
11 31
11 27
11 2
11 20
11 22
11 25
11 30
11 13
11 12
11 8
11 5
11 11
11 7
11 12
11 9
11 29
11 6
11 17
11 8
11 7
11 23
11 1
11 11
11 30
11 28
11 21
11 21
11 28
11 27
11 2
11 14
11 9
11 14
11 3
11 25
11 23
11 29
11 4
11 3
11 13
11 16
11 2
11 21
11 27
11 17
11 2
11 8
11 5
11 14
11 3
11 27
11 5
11 1
11 11
11 4
11 19
11 22
11 6
11 1
11 13
11 12
11 4
11 25
11 14
11 24
11 13
11 13
11 22
11 4
11 30
11 27
11 29
11 11
11 18
11 4
11 20
11 10
11 23
11 8
11 29
11 21
11 20
11 28
11 20
11 19
11 30
11 29
11 2
11 2
12 5
12 25
12 3
12 15
12 27
12 28
12 18
12 12
12 23
12 12
12 5
12 16
12 27
12 16
12 4
12 27
12 9
12 29
12 19
12 24
12 5
12 15
12 26
12 13
12 17
12 1
12 24
12 5
12 23
12 16
12 23
12 15
12 16
12 11
12 20
12 4
12 27
12 20
12 19
12 31
12 2
12 29
12 18
12 5
12 1
12 17
12 6
12 2
12 1
12 31
12 18
12 25
12 6
12 2
12 1
12 18
12 12
12 11
12 20
12 1
12 3
12 7
12 4
12 9
12 12
12 24
12 4
12 21
12 25
12 25
12 11
12 23
12 27
12 5
12 3
12 23
12 22
12 18
12 22
12 26
12 23
12 9
12 20
12 7
12 30
12 15
12 10
12 2
12 3
12 14
12 28
12 22
12 18
12 26
12 24
12 23
12 24
12 12
12 1
12 27
13 9
13 3
13 16
13 17
13 29
13 24
13 25
13 19
13 7
13 17
13 28
13 4
13 25
13 14
13 25
13 26
13 9
13 8
13 25
13 8
13 21
13 21
13 12
13 23
13 20
13 30
13 19
13 5
13 20
13 25
13 26
13 31
13 19
13 12
13 18
13 22
13 22
13 19
13 8
13 3
13 23
13 2
13 5
13 19
13 27
13 12
13 25
13 21
13 27
13 31
13 7
13 18
13 30
13 14
13 27
13 6
13 5
13 7
13 16
13 1
13 16
13 20
13 10
13 9
13 11
13 19
13 18
13 15
13 24
13 29
13 28
13 15
13 2
13 17
13 30
13 18
13 9
13 14
13 16
13 8
13 30
13 10
13 7
13 2
13 11
13 10
13 9
13 16
13 26
13 31
13 27
13 27
13 7
13 13
13 8
13 7
13 27
13 12
13 30
13 7
14 2
14 24
14 24
14 7
14 2
14 28
14 27
14 4
14 12
14 12
14 20
14 15
14 19
14 20
14 3
14 16
14 3
14 1
14 15
14 18
14 15
14 19
14 10
14 3
14 21
14 12
14 21
14 16
14 22
14 6
14 4
14 17
14 11
14 28
14 17
14 21
14 16
14 8
14 30
14 10
14 21
14 23
14 4
14 13
14 2
14 10
14 14
14 15
14 10
14 18
14 17
14 12
14 31
14 12
14 30
14 16
14 12
14 27
14 20
14 27
14 7
14 21
14 26
14 18
14 16
14 28
14 23
14 11
14 23
14 16
14 13
14 16
14 31
14 17
14 2
14 19
14 17
14 23
14 26
14 2
14 30
14 14
14 14
14 5
14 1
14 26
14 14
14 3
14 28
14 26
14 24
14 12
14 9
14 29
14 11
14 1
14 19
14 17
14 14
14 19
15 31
15 23
15 23
15 27
15 1
15 3
15 28
15 5
15 4
15 14
15 19
15 24
15 15
15 31
15 16
15 8
15 4
15 21
15 22
15 9
15 26
15 17
15 6
15 4
15 12
15 31
15 18
15 28
15 13
15 21
15 7
15 11
15 31
15 4
15 6
15 30
15 23
15 1
15 31
15 30
15 25
15 5
15 28
15 8
15 24
15 26
15 2
15 25
15 25
15 13
15 1
15 20
15 17
15 23
15 1
15 11
15 16
15 11
15 19
15 3
15 5
15 5
15 20
15 23
15 5
15 14
15 14
15 7
15 29
15 31
15 1
15 6
15 14
15 11
15 5
15 7
15 25
15 5
15 2
15 29
15 8
15 23
15 23
15 18
15 27
15 17
15 21
15 23
15 17
15 15
15 9
15 2
15 29
15 13
15 18
15 12
15 16
15 4
15 28
15 9
16 13
16 8
16 29
16 27
16 28
16 16
16 9
16 8
16 13
16 23
16 28
16 27
16 30
16 1
16 24
16 24
16 15
16 21
16 19
16 19
16 8
16 12
16 13
16 19
16 20
16 11
16 4
16 18
16 30
16 30
16 3
16 26
16 17
16 23
16 19
16 2
16 31
16 5
16 20
16 19
16 29
16 22
16 27
16 25
16 23
16 24
16 25
16 29
16 3
16 28
16 4
16 25
16 3
16 19
16 4
16 9
16 13
16 16
16 7
16 12
16 17
16 13
16 13
16 31
16 24
16 10
16 5
16 17
16 1
16 15
16 19
16 10
16 29
16 25
16 3
16 8
16 20
16 7
16 25
16 28
16 23
16 18
16 19
16 19
16 29
16 13
16 28
16 21
16 24
16 15
16 6
16 5
16 17
16 3
16 1
16 22
16 23
16 30
16 16
16 28
17 27
17 21
17 30
17 30
17 28
17 16
17 23
17 10
17 6
17 20
17 23
17 28
17 17
17 14
17 26
17 31
17 17
17 18
17 7
17 26
17 27
17 10
17 1
17 15
17 29
17 2
17 7
17 10
17 21
17 22
17 11
17 11
17 17
17 25
17 13
17 14
17 8
17 28
17 3
17 8
17 30
17 16
17 21
17 12
17 15
17 30
17 17
17 7
17 25
17 20
17 1
17 29
17 15
17 6
17 1
17 16
17 15
17 19
17 28
17 25
17 16
17 20
17 20
17 27
17 6
17 27
17 8
17 18
17 4
17 17
17 26
17 28
17 3
17 20
17 20
17 25
17 15
17 15
17 17
17 3
17 30
17 11
17 5
17 24
17 2
17 29
17 27
17 5
17 17
17 13
17 21
17 18
17 11
17 12
17 28
17 6
17 14
17 21
17 13
17 26
18 7
18 12
18 20
18 8
18 1
18 26
18 8
18 6
18 14
18 23
18 20
18 11
18 30
18 9
18 29
18 17
18 22
18 5
18 28
18 24
18 12
18 18
18 30
18 8
18 24
18 12
18 8
18 1
18 18
18 2
18 9
18 11
18 12
18 12
18 2
18 14
18 12
18 2
18 30
18 18
18 28
18 24
18 29
18 18
18 4
18 9
18 4
18 26
18 31
18 31
18 13
18 5
18 31
18 21
18 10
18 20
18 9
18 16
18 30
18 16
18 16
18 11
18 14
18 24
18 15
18 25
18 28
18 15
18 17
18 22
18 22
18 21
18 5
18 7
18 7
18 19
18 24
18 21
18 29
18 19
18 22
18 27
18 18
18 17
18 25
18 17
18 21
18 31
18 16
18 13
18 13
18 9
18 2
18 17
18 24
18 17
18 6
18 14
18 19
18 5
19 8
19 21
19 8
19 5
19 31
19 16
19 3
19 28
19 31
19 1
19 21
19 23
19 16
19 31
19 25
19 31
19 31
19 31
19 18
19 14
19 27
19 14
19 17
19 15
19 9
19 27
19 24
19 15
19 12
19 9
19 7
19 14
19 30
19 30
19 21
19 9
19 14
19 29
19 8
19 20
19 6
19 25
19 13
19 24
19 23
19 22
19 7
19 12
19 28
19 7
19 21
19 16
19 1
19 6
19 13
19 13
19 11
19 10
19 14
19 26
19 29
19 8
19 3
19 25
19 3
19 6
19 26
19 30
19 18
19 14
19 27
19 13
19 6
19 25
19 22
19 6
19 22
19 21
19 2
19 20
19 24
19 13
19 15
19 29
19 12
19 6
19 9
19 12
19 23
19 7
19 8
19 14
19 24
19 1
19 4
19 28
19 10
19 27
19 2
19 3
20 29
20 18
20 16
20 26
20 21
20 17
20 26
20 31
20 24
20 13
20 2
20 26
20 31
20 4
20 4
20 11
20 20
20 21
20 21
20 12
20 9
20 29
20 15
20 6
20 29
20 6
20 17
20 16
20 10
20 13
20 3
20 26
20 30
20 16
20 21
20 3
20 29
20 26
20 22
20 11
20 21
20 5
20 31
20 1
20 3
20 4
20 28
20 7
20 7
20 1
20 17
20 25
20 19
20 21
20 28
20 19
20 9
20 14
20 8
20 1
20 27
20 5
20 27
20 19
20 22
20 15
20 12
20 25
20 12
20 15
20 17
20 18
20 17
20 29
20 28
20 17
20 6
20 16
20 28
20 11
20 3
20 3
20 2
20 27
20 20
20 30
20 31
20 11
20 18
20 24
20 15
20 18
20 27
20 7
20 18
20 17
20 6
20 21
20 9
20 12
21 13
21 12
21 8
21 25
21 22
21 20
21 6
21 26
21 18
21 4
21 7
21 17
21 10
21 11
21 13
21 27
21 28
21 16
21 26
21 7
21 24
21 30
21 13
21 28
21 16
21 7
21 8
21 6
21 24
21 23
21 17
21 16
21 2
21 23
21 14
21 20
21 1
21 17
21 21
21 29
21 22
21 4
21 16
21 10
21 13
21 17
21 2
21 26
21 30
21 10
21 14
21 6
21 6
21 28
21 17
21 1
21 19
21 31
21 29
21 25
21 14
21 9
21 11
21 6
21 27
21 15
21 20
21 26
21 18
21 19
21 29
21 3
21 25
21 18
21 9
21 7
21 1
21 4
21 16
21 12
21 26
21 17
21 23
21 1
21 2
21 29
21 3
21 5
21 15
21 30
21 20
21 25
21 27
21 25
21 31
21 3
21 25
21 27
21 24
21 12
22 13
22 22
22 8
22 5
22 10
22 14
22 8
22 2
22 30
22 23
22 5
22 3
22 15
22 19
22 13
22 5
22 7
22 25
22 9
22 24
22 23
22 15
22 20
22 9
22 17
22 5
22 4
22 2
22 24
22 13
22 13
22 24
22 6
22 3
22 11
22 28
22 8
22 12
22 25
22 22
22 22
22 10
22 12
22 16
22 18
22 13
22 5
22 11
22 6
22 11
22 21
22 13
22 5
22 9
22 5
22 3
22 8
22 27
22 10
22 24
22 6
22 6
22 14
22 25
22 25
22 13
22 4
22 12
22 25
22 27
22 20
22 29
22 7
22 28
22 12
22 26
22 14
22 28
22 24
22 12
22 17
22 4
22 30
22 14
22 3
22 8
22 7
22 2
22 25
22 14
22 11
22 8
22 6
22 6
22 2
22 24
22 3
22 20
22 29
22 14
23 8
23 31
23 12
23 29
23 1
23 19
23 10
23 31
23 28
23 11
23 18
23 12
23 6
23 4
23 13
23 19
23 21
23 21
23 9
23 6
23 20
23 29
23 22
23 28
23 26
23 5
23 5
23 18
23 8
23 25
23 4
23 14
23 15
23 15
23 1
23 15
23 18
23 10
23 15
23 11
23 7
23 3
23 21
23 31
23 20
23 12
23 1
23 9
23 20
23 2
23 3
23 26
23 9
23 17
23 22
23 18
23 29
23 11
23 30
23 3
23 10
23 16
23 7
23 10
23 7
23 16
23 1
23 27
23 13
23 2
23 11
23 15
23 14
23 17
23 27
23 19
23 5
23 10
23 23
23 16
23 15
23 30
23 15
23 8
23 2
23 15
23 21
23 7
23 5
23 24
23 18
23 6
23 26
23 8
23 5
23 6
23 11
23 27
23 15
23 15
0 0
