5.706e-06
2.93e-06
2.678e-06
2.594e-06
2.618e-06
2.631e-06
2.646e-06
2.546e-06
2.578e-06
2.577e-06
2.641e-06
2.563e-06
2.66e-06
2.617e-06
2.666e-06
2.632e-06
2.628e-06
2.52e-06
2.56e-06
2.551e-06
2.601e-06
2.512e-06
2.603e-06
2.594e-06
2.609e-06
2.555e-06
2.555e-06
2.551e-06
2.597e-06
2.621e-06
2.65e-06
2.671e-06
2.597e-06
2.603e-06
2.589e-06
2.611e-06
2.579e-06
2.55e-06
2.614e-06
2.571e-06
2.587e-06
2.509e-06
2.638e-06
2.513e-06
2.577e-06
2.564e-06
2.594e-06
2.6e-06
2.58e-06
2.622e-06
2.59e-06
2.566e-06
2.68e-06
2.603e-06
2.618e-06
2.573e-06
2.588e-06
2.502e-06
2.579e-06
2.602e-06
2.552e-06
2.587e-06
2.604e-06
2.614e-06
2.596e-06
2.488e-06
2.613e-06
2.602e-06
2.663e-06
2.584e-06
2.565e-06
2.572e-06
2.6e-06
2.649e-06
2.62e-06
2.539e-06
2.604e-06
2.636e-06
2.586e-06
2.644e-06
2.615e-06
2.599e-06
2.627e-06
2.537e-06
2.619e-06
2.56e-06
2.58e-06
2.561e-06
2.672e-06
2.618e-06
2.631e-06
2.487e-06
2.549e-06
2.55e-06
2.63e-06
2.603e-06
2.584e-06
2.586e-06
2.654e-06
2.577e-06
8.236e-06
8.654e-06
7.922e-06
7.362e-06
7.677e-06
9.19e-06
5.329e-06
6.067e-06
9.164e-06
7.886e-06
5.375e-06
1.1117e-05
8.77e-06
6.022e-06
9.019e-06
8.54e-06
7.745e-06
9.04e-06
8.131e-06
8.162e-06
8.014e-06
7.654e-06
7.522e-06
1.1046e-05
7.439e-06
6.704e-06
5.969e-06
6.774e-06
8.169e-06
7.583e-06
5.387e-06
5.366e-06
1.0635e-05
7.466e-06
9.117e-06
6.744e-06
7.624e-06
6.681e-06
8.455e-06
8.415e-06
5.339e-06
6.718e-06
8.018e-06
6.686e-06
5.976e-06
1.0743e-05
9.06e-06
5.245e-06
1.0946e-05
9.067e-06
8.12e-06
6.766e-06
6.69e-06
8.126e-06
8.008e-06
8.426e-06
6.611e-06
8.807e-06
5.988e-06
9.006e-06
6.422e-06
6.016e-06
6.013e-06
8.969e-06
7.662e-06
9e-06
6.501e-06
6.781e-06
8.415e-06
7.752e-06
7.544e-06
6.071e-06
5.435e-06
8.433e-06
8.545e-06
8.327e-06
5.3e-06
6.695e-06
7.639e-06
6.705e-06
1.0875e-05
7.565e-06
8.181e-06
6.648e-06
5.367e-06
6.682e-06
8.098e-06
5.276e-06
8.234e-06
5.898e-06
6.701e-06
8.432e-06
6.592e-06
9.007e-06
5.906e-06
6.073e-06
8.465e-06
8.344e-06
7.574e-06
5.875e-06
1.0891e-05
1.1931e-05
2.5158e-05
1.3761e-05
1.5886e-05
1.2661e-05
9.367e-06
1.7958e-05
9.986e-06
1.2998e-05
1.8816e-05
1.4954e-05
1.9536e-05
1.0835e-05
5.5532e-05
1.5737e-05
1.2807e-05
1.4171e-05
2.0013e-05
2.0035e-05
2.6038e-05
1.6817e-05
1.6558e-05
1.4386e-05
1.0362e-05
1.3504e-05
1.4643e-05
1.5589e-05
1.8731e-05
1.6588e-05
1.3613e-05
1.8938e-05
1.2852e-05
1.165e-05
1.4554e-05
1.1247e-05
1.1619e-05
1.1669e-05
1.8777e-05
1.1231e-05
1.3994e-05
8.687e-06
1.5982e-05
1.4409e-05
1.5749e-05
3.8702e-05
2.7373e-05
1.9792e-05
1.4831e-05
2.592e-05
1.4845e-05
1.8608e-05
1.1402e-05
1.9582e-05
9.352e-06
1.4374e-05
1.7794e-05
1.4946e-05
1.2391e-05
1.4333e-05
1.1865e-05
1.351e-05
1.4762e-05
1.388e-05
1.3331e-05
1.8232e-05
1.49e-05
9.391e-06
1.3406e-05
2.094e-05
1.404e-05
1.4068e-05
1.7859e-05
1.1482e-05
1.2007e-05
1.4245e-05
1.2115e-05
1.4927e-05
1.5412e-05
1.9702e-05
1.3319e-05
1.7885e-05
1.277e-05
1.4214e-05
2.0875e-05
2.935e-05
1.7786e-05
1.4169e-05
1.2972e-05
1.3569e-05
1.1123e-05
2.9573e-05
1.3341e-05
1.333e-05
1.0078e-05
1.1376e-05
1.8471e-05
1.3373e-05
2.0796e-05
1.5719e-05
1.4964e-05
2.2362e-05
3.1378e-05
1.8647e-05
2.8589e-05
1.7156e-05
2.2297e-05
2.4016e-05
2.7034e-05
3.2568e-05
2.052e-05
2.227e-05
3.2528e-05
1.6194e-05
3.7921e-05
2.3368e-05
2.516e-05
1.9837e-05
2.0139e-05
2.7841e-05
2.231e-05
2.1441e-05
2.9972e-05
3.3669e-05
3.1867e-05
3.2568e-05
3.4578e-05
4.167e-05
4.5117e-05
3.4528e-05
3.2653e-05
2.4021e-05
1.8777e-05
2.191e-05
2.726e-05
2.1334e-05
2.0295e-05
2.5723e-05
5.5914e-05
2.5659e-05
1.9477e-05
3.3166e-05
2.078e-05
4.7586e-05
1.3436e-05
2.3582e-05
3.063e-05
1.9081e-05
3.4778e-05
3.7639e-05
2.8299e-05
2.1789e-05
4.597e-05
2.7396e-05
3.4182e-05
2.4796e-05
3.122e-05
1.7899e-05
3.3911e-05
1.6184e-05
1.5335e-05
3.2165e-05
1.5237e-05
3.3952e-05
2.0978e-05
2.8532e-05
3.4415e-05
1.8902e-05
2.0714e-05
3.3255e-05
2.1921e-05
1.9556e-05
1.6758e-05
1.9763e-05
2.8266e-05
4.32e-05
2.1139e-05
4.2565e-05
2.8445e-05
5.4776e-05
3.0675e-05
6.8708e-05
3.9454e-05
1.9925e-05
1.8475e-05
2.9929e-05
1.8568e-05
3.0519e-05
2.2806e-05
3.1267e-05
3.5685e-05
3.6958e-05
1.9014e-05
1.7734e-05
1.7211e-05
3.3076e-05
1.8739e-05
2.3995e-05
3.1341e-05
2.0627e-05
4.8607e-05
5.7734e-05
6.33e-05
5.3613e-05
3.8108e-05
2.915e-05
0.000102727
3.3388e-05
3.917e-05
5.8389e-05
2.9015e-05
4.3758e-05
3.6713e-05
2.6228e-05
3.5055e-05
3.9363e-05
3.544e-05
2.8612e-05
5.4176e-05
0.00010122
4.7746e-05
7.8517e-05
9.4698e-05
0.000117809
7.2745e-05
4.6805e-05
3.4697e-05
8.3783e-05
2.7492e-05
3.802e-05
4.2366e-05
2.2545e-05
5.8423e-05
6.0484e-05
4.6812e-05
4.2082e-05
4.2361e-05
3.9714e-05
5.3065e-05
4.4407e-05
3.8838e-05
5.2757e-05
4.3976e-05
5.7603e-05
4.6928e-05
0.000130083
5.758e-05
3.9299e-05
2.7788e-05
5.3538e-05
4.1491e-05
2.4596e-05
3.4503e-05
4.0739e-05
3.1494e-05
3.6512e-05
0.000154885
5.9224e-05
4.5966e-05
3.8683e-05
2.9087e-05
5.7311e-05
7.2204e-05
6.1951e-05
4.3238e-05
4.959e-05
3.668e-05
4.2363e-05
4.2397e-05
5.2454e-05
2.2814e-05
2.5505e-05
5.4092e-05
4.6847e-05
5.5865e-05
4.5389e-05
7.6307e-05
7.2716e-05
2.1276e-05
5.6194e-05
6.0728e-05
7.8438e-05
8.2043e-05
3.4277e-05
4.6152e-05
4.4455e-05
4.7024e-05
4.4007e-05
4.5319e-05
3.8273e-05
5.6307e-05
1.9194e-05
3.5596e-05
5.7668e-05
4.9869e-05
3.305e-05
3.9936e-05
5.1408e-05
5.1198e-05
6.6177e-05
8.5533e-05
5.7872e-05
0.000142692
3.5767e-05
4.4672e-05
8.4609e-05
0.000111137
8.4594e-05
4.527e-05
6.3403e-05
8.6795e-05
0.000193445
6.0983e-05
6.9891e-05
7.3346e-05
9.6003e-05
0.00016805
8.8551e-05
4.0498e-05
0.000179477
4.4394e-05
7.5356e-05
7.3941e-05
6.2184e-05
9.2467e-05
8.7393e-05
9.9583e-05
0.000116259
5.0229e-05
0.000183817
0.00013178
6.8447e-05
2.3594e-05
8.5461e-05
4.6538e-05
0.000115388
8.7321e-05
0.000121005
9.1988e-05
4.9364e-05
9.7504e-05
5.6397e-05
6.3501e-05
9.1547e-05
7.3137e-05
0.000104685
6.0147e-05
4.3104e-05
6.8491e-05
0.000106114
3.0805e-05
5.9311e-05
6.5089e-05
6.7162e-05
5.535e-05
3.0779e-05
0.000137474
3.4652e-05
5.6242e-05
8.9773e-05
4.9407e-05
0.000105166
0.000166758
0.000173125
0.000119998
7.1554e-05
5.3946e-05
8.4256e-05
9.6101e-05
4.7068e-05
0.000108009
6.7323e-05
0.000107207
9.677e-05
7.4408e-05
9.5692e-05
4.8978e-05
4.367e-05
7.0923e-05
6.7993e-05
4.649e-05
3.4728e-05
9.5733e-05
0.000138848
6.9191e-05
0.000127141
6.2644e-05
7.9227e-05
8.6887e-05
8.5179e-05
3.7476e-05
0.000109427
0.00010163
7.4551e-05
3.2016e-05
6.4139e-05
8.0161e-05
0.000106244
8.954e-05
7.5897e-05
6.3625e-05
0.000107827
9.791e-05
0.00010867
0.000128343
0.000136047
0.000154568
0.000401162
0.00012943
0.000204861
0.000148088
6.5813e-05
0.000185457
0.00033475
0.00010485
9.7458e-05
5.1e-05
0.000103947
0.000140261
0.000123266
0.000143196
0.000174027
8.8214e-05
0.000136172
0.000289182
0.000285633
0.000130215
0.000152699
0.000356595
5.3826e-05
8.4278e-05
0.000255685
0.000214253
0.00010336
0.00037058
0.000169886
0.000116198
0.000177556
8.5252e-05
0.000265623
0.000143416
0.000324854
0.000256229
0.00026839
0.000165343
0.00010678
0.000166441
0.000230756
0.00015054
7.7094e-05
0.000135416
0.000139349
0.000129156
4.5646e-05
8.374e-05
9.6103e-05
0.000141258
8.2566e-05
0.000121873
0.000138719
0.000134225
0.000178257
0.000253136
0.000102966
5.9157e-05
8.376e-05
4.4389e-05
0.000100786
5.5806e-05
0.000138003
0.000138937
0.000130372
0.000119201
4.8326e-05
9.7894e-05
0.000204645
8.7585e-05
0.000253093
0.000230263
0.00012465
0.000251575
9.3617e-05
0.000116428
9.8493e-05
9.3021e-05
0.00014704
0.000116052
0.000240945
8.628e-05
0.000197354
0.000147189
0.000147713
8.7395e-05
0.000154481
7.4009e-05
0.000124721
0.000206725
0.000126455
0.000132799
0.00027619
0.000153844
0.000140306
0.00055407
0.000211631
0.000259023
0.000254253
0.000168904
8.9396e-05
0.000164536
0.000288792
0.000394417
0.000450988
0.000303196
0.000189428
0.000330393
6.7956e-05
0.000287839
0.000242564
0.00054318
0.000147943
0.0002518
0.000216333
0.000242761
9.7888e-05
0.000173308
0.000133574
0.000155067
0.000141627
0.000485254
0.000177203
0.000213528
0.000418169
0.000220101
9.5502e-05
0.00038642
0.000127257
0.000248359
0.000413015
0.000410576
0.000454078
0.000156508
0.000308339
0.000119262
0.000491576
0.000327565
0.000199404
0.000193757
0.000173132
0.000283956
0.000110705
0.000166068
0.000339167
0.000152523
0.000193113
0.000124742
0.000278886
0.000290836
0.000205244
0.000155347
0.000179915
0.000145858
0.000234446
0.000292272
0.000109995
0.000353526
0.000438265
0.000176334
0.000247868
0.000690827
0.000230037
0.000308073
0.000183434
0.000243001
0.000163805
0.000383047
0.000206259
0.00019589
0.000159812
0.000363276
0.000512814
0.000263847
0.000113118
9.0228e-05
7.3708e-05
0.000351542
0.000309301
0.000518501
0.000438428
9.6146e-05
0.000206613
0.000210904
0.000354029
0.000179174
0.000286248
0.000211766
0.000403085
0.000204147
0.00013655
0.000362934
0.000162925
0.000344018
0.000234142
0.000606121
0.0012307
0.000190695
0.000904607
0.000488001
0.00138759
0.000318367
0.000529106
0.000264321
0.000298607
0.000459223
0.000969212
0.00135585
0.000290473
0.00021491
0.000227676
0.000308908
0.000817486
0.000555821
0.000234765
0.000246315
0.00131982
0.000176249
0.000269344
0.000248087
0.000286829
0.000753767
0.000228252
0.000511292
0.00044492
0.000271231
0.00016471
0.000459347
0.000553974
0.00102831
0.000194736
0.000271558
0.000322835
0.000351828
0.000432616
0.000117034
0.000380166
0.00115635
0.000330383
0.000231864
0.000378548
7.9012e-05
0.000239171
0.00038833
0.000252617
0.000787827
0.000441472
0.000342929
0.00032496
0.000229234
0.000455506
0.000754707
0.00109196
0.000221752
0.000680163
0.000642097
0.000280593
0.000345581
0.00120603
0.00038129
0.00033417
0.00107696
0.000255908
0.000265296
0.000402872
0.000355544
0.000239499
0.000295152
0.000249911
0.000766233
0.00040432
0.000139489
0.000358051
0.000395033
0.000292604
0.000181082
0.00069954
0.000449502
0.000586464
0.000507175
0.000435274
0.000596955
0.000493399
0.000173393
0.00023713
0.000125916
0.000677674
0.00016465
0.000196122
0.000417866
0.000118864
0.00108163
0.000752423
0.000623423
0.000458511
0.000239294
0.000375022
0.000783008
0.000304459
0.00112418
0.000606644
0.000747942
0.000687426
0.000246963
0.000379377
0.000752246
0.000280259
0.000294049
0.000830821
0.00039998
0.000790313
0.00127071
0.000656785
0.000424723
0.000139192
0.000539996
0.000424147
0.000735455
0.000441975
0.00133675
0.000329899
0.000802549
0.000701261
0.000845663
0.000245021
0.000861173
0.00047095
0.000349163
0.00112604
0.000475128
0.00121047
0.00060987
0.00024109
0.000272557
0.000317079
0.000218262
0.00138983
0.000814309
0.000847003
0.000883091
0.00109872
0.00070799
0.000545849
0.00120265
0.00162437
0.00141444
0.00030703
0.00291533
0.000857837
0.000635782
0.00141838
0.00121157
0.000520592
0.000897069
0.00152778
0.000783854
0.00165634
0.000106739
0.000175408
0.000322343
0.00103393
0.00136128
0.000312374
0.000218398
0.000532747
0.000971357
0.000370984
0.000417063
0.000472744
0.000313164
0.000384176
0.00244828
0.000815102
0.000843137
0.000415152
0.00117429
0.00075675
0.00060812
0.000401301
0.000714071
0.00125122
0.00053754
0.000498685
0.000427549
0.00102483
0.00071002
0.000185069
0.000288094
0.00031734
0.000254357
0.000624684
0.000743723
0.000570008
0.00194412
0.000669602
0.00132845
0.000935122
0.000864596
0.000791338
0.000920483
0.000606745
0.00348354
0.00694252
0.00075081
0.00317321
0.00243601
0.00079826
0.00175482
0.000346023
0.00124651
0.000642397
0.000925037
0.000610308
0.000347325
0.000583918
0.000545242
0.000928109
0.00226129
0.000998493
0.00208357
0.000503824
0.000736868
0.00109883
0.00119554
0.000547013
0.000797765
0.0011693
0.00139781
0.00046098
0.000856884
0.000218018
0.00130551
0.000595206
0.000881212
0.000681665
0.00271401
0.00160907
0.000806368
0.000559203
0.000879989
0.000536643
0.000938324
0.000695939
0.00199438
0.000555124
0.00155693
0.00183535
0.000641923
0.00080983
0.000218395
0.000932736
0.00145419
0.00169875
0.00251174
0.00419068
0.000870744
0.000377286
0.000914098
0.000933172
0.00135668
0.000473669
0.00150445
0.000804785
0.000287476
0.000598407
0.000651917
0.00218171
0.000183504
0.000407403
0.00141332
0.000590874
0.000967857
0.000477995
0.000826758
0.000966925
0.00146084
0.00124274
0.00110584
0.00115391
0.00175643
0.000600937
0.000710829
0.000627948
0.000732912
0.00100129
0.000870178
0.000745579
0.00157824
0.00112956
0.000749383
0.00178709
0.00119756
0.00171265
0.00363184
0.00992147
0.00115592
0.000573102
0.00130019
0.00151772
0.00475588
0.000347054
0.00301611
0.000587886
0.0006824
0.0016832
0.00110389
0.000699093
0.00112623
0.00150126
0.0086153
0.00121496
0.00268306
0.000370113
0.00157281
0.00281708
0.00289392
0.000831369
0.00243588
0.00235764
0.00242793
0.00299414
0.00370569
0.00643387
0.00280406
0.00194151
0.00203908
0.00262649
0.00600041
0.00119768
0.00100581
0.00175868
0.00222584
0.00264898
0.00156054
0.00422457
0.00366802
0.000948968
0.00258948
0.00188455
0.00227437
0.00141922
0.00130383
0.00259511
0.00218745
0.000973126
0.000255068
0.00358508
0.00315083
0.00156927
0.00391497
0.000359913
0.000672603
0.000901746
0.00102074
0.00171984
0.00136579
0.00346949
0.000819416
0.00449981
0.00212935
0.00253929
0.00108944
0.00169209
0.00264424
0.00131923
0.000731743
0.00251745
0.0010383
0.00655509
0.00269036
0.00317986
0.00148073
0.00224793
0.000472407
0.00130722
0.00132505
0.00439609
0.00239346
0.00155478
0.00154816
0.000730893
0.000898213
0.00321917
0.00184045
0.000756051
0.00187717
0.00122006
0.00446204
0.00126994
0.00183522
0.00297942
0.000648617
0.00431439
0.00520411
0.000598762
0.00420078
0.00785453
0.00229931
0.00125996
0.00487219
0.00677709
0.00159627
0.00421958
0.00174764
0.00536507
0.00133901
0.00496332
0.00429601
0.00201618
0.00216548
0.0050419
0.00133217
0.000557547
0.00401169
0.00186824
0.00941379
0.00171088
0.00216998
0.00150124
0.00262772
0.00192201
0.00161626
0.00336459
0.00121763
0.00298697
0.00637887
0.00325928
0.00528887
0.00503122
0.00242564
0.00225665
0.00303386
0.00333271
0.0111055
0.00176037
0.00496844
0.000688174
0.00159666
0.00310168
0.00183233
0.00207927
0.00358817
0.00153524
0.00283042
0.00681067
0.00151506
0.00708817
0.00401116
0.00395862
0.00374937
0.00266347
0.00259635
0.00777516
0.00292038
0.00261991
0.000755559
0.00295078
0.000612011
0.00419961
0.00176366
0.00147722
0.00203493
0.00200298
0.00185462
0.0101698
0.00179741
0.00368416
0.0029623
0.00594876
0.00135227
0.00242085
0.00895756
0.00256729
0.000885559
0.00165664
0.00132239
0.00247751
0.00645794
0.00586929
0.00695353
0.00565976
0.000509272
0.00301249
0.00173809
0.00241776
0.00451574
0.00123738
0.00293674
0.00410922
0.00205358
0.00168562
0.00408762
0.00276171
0.00772117
0.00863889
0.00424195
0.00801184
0.00631839
0.00405417
0.00328725
0.00301204
0.00371445
0.0138952
0.0049627
0.00764471
0.0036144
0.00285347
0.0155626
0.0125091
0.0108224
0.00121971
0.00258936
0.00217979
0.00383646
0.011613
0.0044964
0.00119205
0.0052874
0.0103735
0.00170859
0.00318699
0.00491304
0.00375983
0.00273377
0.012673
0.00195134
0.0013392
0.00623723
0.00365432
0.00556219
0.00212297
0.00661171
0.00924564
0.00193296
0.00120923
0.0198388
0.00362783
0.00510152
0.0187034
0.00398506
0.00243194
0.00553797
0.00780218
0.0165709
0.00412511
0.0076514
0.00788007
0.0115749
0.00490807
0.00785563
0.00364361
0.0130328
0.00345026
0.0010157
0.00201901
0.0047851
0.00432624
0.00671974
0.00343697
0.00681788
0.00637309
0.0049992
0.00906699
0.0030688
0.0056153
0.00697844
0.00115086
0.00158407
0.00320933
0.00137099
0.00493621
0.00173261
0.00418188
0.0035863
0.0078627
0.0150691
0.00249265
0.0241116
0.00857613
0.00378525
0.0110473
0.00237077
0.00459236
0.00465975
0.00305435
0.00887294
0.0034043
0.00413453
0.0037002
0.0032957
0.00820462
0.00896974
0.00435047
0.00572353
0.0219785
0.00988318
0.00354853
0.0108174
0.014348
0.00896401
0.00922541
0.0165924
0.00463491
0.00524189
0.00659238
0.00473057
0.00333051
0.00711303
0.00763373
0.00436439
0.00164849
0.0138106
0.01284
0.0125321
0.0114272
0.0118941
0.0502448
0.0177275
0.0168569
0.0101836
0.01901
0.015469
0.00711986
0.00974351
0.0114285
0.00572554
0.00186577
0.0184284
0.00287106
0.00658469
0.00441459
0.00217773
0.0344965
0.0037332
0.00699996
0.0038811
0.0388494
0.00570553
0.00920507
0.0345042
0.0863185
0.00824565
0.0098973
0.00741062
0.0060169
0.00601566
0.00843536
0.00694337
0.0566478
0.00143675
0.0168215
0.0171685
0.0159525
0.017636
0.00619153
0.0114997
0.00923068
0.010931
0.0091287
0.00573258
0.00411621
0.0113278
0.00568833
0.0070028
0.0113534
0.0136134
0.00655661
0.00806594
0.00769247
0.00709109
0.0150313
0.00424994
0.0219162
0.00304753
0.00835184
0.00260054
0.0238115
0.00221369
0.00357917
0.0318313
0.00315768
0.0018474
0.0150674
0.00702199
0.00731776
0.0134148
0.00748549
0.0166948
0.0098065
0.015074
0.00165776
0.00550672
0.00636001
0.00526564
0.00440646
0.0119244
0.0800214
0.031296
0.00159161
0.0156207
0.00382695
0.0365666
0.0178118
0.0267229
0.00930525
0.0199897
0.00474914
0.0256618
0.00690686
0.00952271
0.0356642
0.0251959
0.00891792
0.0524376
0.00844045
0.0537896
0.0256109
0.0188624
0.0428529
0.00703898
0.0490141
0.0242492
0.0169769
0.0115642
0.0136242
0.03355
0.00789659
0.0345952
0.0142034
0.00405908
0.0123005
0.00415403
0.017181
0.00667945
0.0142466
0.00974502
0.0160454
0.00917358
0.0120027
0.00739328
0.0117335
0.0449324
0.0167384
0.00138638
0.00631774
0.0244215
0.00316708
0.0103777
0.0177659
0.0294461
0.0321227
0.0036603
0.0160489
0.00694265
0.0121907
0.0679831
0.0147243
0.0118467
0.0143881
0.00246055
0.00465147
0.00472262
0.0290355
0.0128726
0.00541319
0.0096484
0.0214648
0.0121272
0.0346466
0.00834586
0.010386
0.0108275
0.0134805
0.0360399
0.0129311
0.00622019
0.00290974
0.00996335
0.00391484
0.00466051
0.0291
0.00826908
0.0224068
0.0197106
0.0057158
0.00578228
0.00525664
0.00495829
0.0377465
0.00856703
0.0134923
0.0198312
0.0139325
0.0120773
0.0280098
0.00978402
0.00402114
0.0139214
0.0136646
0.0212024
0.00693101
0.0206042
0.0235119
0.0178698
0.0239624
0.00698617
0.0117141
0.0554428
0.016654
0.00239991
0.00366433
0.0680013
0.0120175
0.0306747
0.00824194
0.0106371
0.0266266
0.0204255
0.0372265
0.011079
0.0439652
0.00814249
0.0247746
0.0231724
0.0439011
0.0676631
0.0331664
0.00680929
0.0520674
0.00737787
0.0107072
0.0257965
0.0255042
0.0086188
0.027304
0.0228896
0.0134839
0.0379069
0.0319875
0.0146325
0.0107211
0.0125392
0.0120227
0.0191146
0.0186196
0.0258604
0.0131794
0.0215026
0.00731493
0.00330905
0.0853406
0.0120356
0.0327482
0.0199334
0.0108316
0.0174524
0.0161791
0.0412136
0.0167056
0.0354003
0.0221036
0.0150908
0.0101111
0.0308007
0.0288846
0.0739085
0.0148699
0.0117192
0.0156923
0.0529218
0.00691908
0.020643
0.0320691
0.00396545
0.0108666
0.031396
0.00311956
0.00726023
0.0149228
0.0165333
0.0108033
0.034638
0.0018762
0.0272912
0.0189003
0.0131229
0.0178361
0.105729
0.00826023
0.0102108
0.0245865
0.0191668
0.02069
0.0198001
0.0224847
0.143254
0.0379145
0.0622201
0.0243818
0.045548
0.0391289
0.016208
0.0191092
0.195221
0.021732
0.0384719
0.0969003
0.0578373
0.0566563
0.0398488
0.0576588
0.0277818
0.0468914
0.0135529
0.049495
0.058793
0.0203686
0.0773416
0.0331237
0.133871
0.0195387
0.0713962
0.0231996
0.0259734
0.0694373
0.00500654
0.0526384
0.0182427
0.0736261
0.00829598
0.0489383
0.00611214
0.0644054
0.00641177
0.175336
0.293269
0.0362028
0.0263186
0.103654
0.0464754
0.0297553
0.0205223
0.202014
0.0664626
0.0100241
0.0713432
0.0123998
0.0199572
0.0183331
0.0242999
0.0184623
0.298547
0.029877
0.0171817
0.0308665
0.031558
0.135644
0.0511297
0.0239587
0.0791911
0.0333273
0.0028294
0.0632158
0.0682247
0.0181552
0.0110627
0.0143649
0.0243078
0.0567338
0.403133
0.0121727
0.471792
0.0146523
0.015433
0.0446679
0.0167694
0.124152
0.00522313
0.114819
0.0513853
0.0202058
0.00719689
0.0258888
0.0696776
0.244989
0.0411729
0.0837846
0.041249
0.00429546
0.0223477
0.0058933
0.0779162
0.0313909
0.0596176
0.100013
0.0215328
0.136697
0.0197913
0.134041
0.0487819
0.0498409
0.0227076
0.113908
0.0955718
0.0551736
0.0405367
0.0821116
0.142695
0.0164292
0.13765
0.100749
0.0366801
0.0477806
0.0639975
0.0310707
0.0535998
0.109128
0.0298337
0.1694
0.0517915
0.0607612
0.196968
0.0233977
0.0423868
0.17729
0.0390292
0.0295009
0.0244088
0.0698447
0.0471198
0.193253
0.0226882
0.0195753
0.0665675
0.0153043
0.0131532
0.02948
0.0313786
0.045077
0.0402885
0.0680756
0.0680445
0.129894
0.131216
0.21611
0.0302165
0.0308154
0.0738192
0.0344465
0.0840961
0.00949835
0.0609316
0.0658755
0.0792044
0.124042
0.0141207
0.0742569
0.0142316
0.237198
0.0709784
0.028624
0.0919716
0.0805149
0.00751629
0.0108132
0.0398886
0.118832
0.0237978
0.0365815
0.0470777
0.101425
0.0730184
0.0471658
0.140821
0.131433
0.311297
0.051256
0.0326276
0.0382118
0.169824
0.175678
0.132358
0.0230768
0.159127
0.0118848
0.0475029
0.0562849
0.0108019
0.430466
0.0450792
0.0866831
0.0917466
0.228849
0.0176137
0.459164
0.11842
0.395249
0.231326
0.0585961
0.0317933
0.0626461
0.210525
0.403606
0.0411404
0.0690595
0.229719
0.078723
0.138689
0.381472
0.109735
0.0355264
0.0560415
0.0366153
0.0259935
0.0884945
0.117084
0.0296579
0.450787
0.0173145
0.146286
0.0300539
0.0896725
0.0679303
0.0334725
0.0546555
0.0451505
0.0676697
0.0682958
0.482207
0.0307707
0.00975731
0.0394335
0.00871061
0.0697157
0.264283
0.048284
0.465872
0.0425495
0.170756
0.0870569
0.223998
0.428438
0.0969646
0.158814
0.0189294
0.0336304
0.0312033
0.0558869
0.0842502
0.483204
0.114186
0.0549227
0.0126142
0.0250964
0.150021
0.0728233
0.0592275
0.138591
0.190986
0.219382
0.105066
0.138096
0.100849
0.0560577
0.0542391
0.080742
0.39262
0.0756135
0.0505356
0.275208
0.536265
0.0778052
0.12998
0.0203845
0.0380619
0.200649
0.171084
0.0917618
0.0674556
0.112407
0.138012
0.0624656
0.092617
0.114959
0.0502231
0.0888971
0.348266
0.0794639
0.0982513
0.029912
0.0873253
0.017316
0.136882
0.068671
0.177438
0.0352866
0.113199
0.187647
0.180511
0.201637
0.0433554
0.146311
0.194771
0.058399
0.572451
0.172459
0.325383
0.00600301
0.0789006
0.9854
0.23938
0.0497431
0.0650785
0.033221
0.0757426
0.0181755
0.0622628
0.317043
0.0209853
0.0669447
0.120753
0.0786804
0.0371261
0.184114
0.0918046
0.215877
0.0680333
0.102793
0.278002
0.189842
0.374017
0.0551243
0.207425
0.0568875
0.0135679
0.0780615
0.205878
0.118918
0.0907684
0.144664
0.0917931
0.160659
0.129055
0.396101
0.173734
0.0304934
0.0480348
0.1588
0.208781
0.0245692
0.0937915
0.0419512
0.0514639
0.19325
0.339546
0.131268
0.0868117
0.11396
0.156092
0.343764
0.147568
0.100311
0.134241
0.0950283
0.0251342
0.0392536
0.270508
0.344408
0.097998
0.057544
0.859368
0.195208
0.469253
0.384933
0.0535739
0.0436998
0.108312
0.173548
0.633001
0.144425
0.0464922
0.223497
0.0537256
0.0290545
0.0881939
0.270802
0.523377
0.0899542
0.163132
0.186886
0.248285
0.0595301
0.0582338
