7.351e-06
2.2476e-05
3.697e-06
3.551e-06
3.52e-06
3.529e-06
3.486e-06
3.457e-06
3.518e-06
3.485e-06
3.476e-06
3.443e-06
3.45e-06
3.548e-06
3.501e-06
3.519e-06
3.537e-06
3.44e-06
3.463e-06
3.448e-06
3.532e-06
3.494e-06
3.497e-06
3.46e-06
3.518e-06
3.471e-06
3.48e-06
3.533e-06
3.475e-06
3.519e-06
3.445e-06
3.455e-06
3.477e-06
3.503e-06
3.454e-06
3.544e-06
3.466e-06
3.467e-06
3.491e-06
3.45e-06
3.423e-06
3.486e-06
3.488e-06
3.419e-06
3.434e-06
3.473e-06
3.517e-06
3.475e-06
3.443e-06
3.429e-06
3.516e-06
3.451e-06
3.508e-06
3.443e-06
3.538e-06
3.516e-06
3.528e-06
3.46e-06
3.446e-06
3.487e-06
3.474e-06
3.45e-06
3.435e-06
3.488e-06
3.426e-06
3.598e-06
3.514e-06
3.527e-06
3.473e-06
3.486e-06
3.47e-06
3.512e-06
3.495e-06
3.463e-06
3.43e-06
3.535e-06
3.542e-06
3.507e-06
3.507e-06
3.524e-06
3.476e-06
3.49e-06
3.422e-06
3.459e-06
3.527e-06
3.484e-06
3.546e-06
3.455e-06
3.484e-06
3.485e-06
3.575e-06
3.502e-06
3.486e-06
3.494e-06
3.476e-06
3.483e-06
3.47e-06
3.513e-06
3.421e-06
3.491e-06
1.3975e-05
1.1499e-05
1.0234e-05
1.3547e-05
9.789e-06
9.681e-06
1.321e-05
1.2326e-05
1.141e-05
1.0919e-05
1.2205e-05
1.3306e-05
1.3436e-05
1.3031e-05
1.308e-05
1.1088e-05
1.1382e-05
9.869e-06
1.0862e-05
1.1286e-05
1.3387e-05
1.209e-05
1.0981e-05
1.2298e-05
9.915e-06
1.1191e-05
1.0973e-05
1.0969e-05
1.3378e-05
1.2229e-05
1.3215e-05
1.3232e-05
1.3308e-05
1.2156e-05
1.005e-05
1.3082e-05
1.2145e-05
9.969e-06
1.2327e-05
1.1404e-05
1.0848e-05
9.944e-06
1.1104e-05
1.1375e-05
1.3115e-05
1.2144e-05
1.3394e-05
1.1012e-05
1.2115e-05
1.1142e-05
1.1234e-05
1.0973e-05
1.0855e-05
1.2324e-05
1.0983e-05
1.2182e-05
1.0949e-05
1.2261e-05
5.4562e-05
1.3883e-05
1.019e-05
1.1385e-05
2.6383e-05
9.951e-06
1.1448e-05
1.0963e-05
9.92e-06
1.0915e-05
1.2312e-05
1.335e-05
1.1288e-05
1.0982e-05
1.1288e-05
1.1045e-05
1.1362e-05
1.0989e-05
1.1282e-05
1.3412e-05
9.752e-06
1.1309e-05
1.096e-05
1.2343e-05
9.911e-06
1.2282e-05
1.2413e-05
1.1046e-05
1.2342e-05
1.1018e-05
1.1384e-05
1.0946e-05
3.2101e-05
1.1238e-05
2.8603e-05
1.0959e-05
1.2282e-05
1.3232e-05
9.923e-06
1.1025e-05
1.1059e-05
1.0925e-05
3.1596e-05
2.4577e-05
2.7695e-05
2.7156e-05
3.1106e-05
2.8278e-05
3.9779e-05
3.3102e-05
2.3183e-05
2.4211e-05
5.2177e-05
3.7182e-05
2.5777e-05
3.5065e-05
2.1683e-05
3.0838e-05
2.8983e-05
2.4059e-05
3.4386e-05
3.7283e-05
3.1267e-05
4.9265e-05
3.3654e-05
3.8994e-05
3.0712e-05
3.3271e-05
5.7295e-05
2.9644e-05
2.4149e-05
2.1505e-05
2.1413e-05
2.7191e-05
4.0394e-05
3.3008e-05
2.9349e-05
2.7165e-05
2.4241e-05
3.0569e-05
2.4869e-05
2.6061e-05
4.1199e-05
3.4762e-05
2.7455e-05
2.1606e-05
2.5693e-05
2.8358e-05
2.1386e-05
3.2021e-05
2.7012e-05
2.8372e-05
3.1437e-05
2.573e-05
2.411e-05
3.3027e-05
3.1289e-05
4.0363e-05
4.9229e-05
3.2027e-05
4.7423e-05
4.1707e-05
3.7248e-05
3.1743e-05
2.684e-05
6.3531e-05
2.5841e-05
2.8005e-05
5.8324e-05
3.1822e-05
3.8783e-05
5.2235e-05
2.3485e-05
3.3608e-05
2.6949e-05
2.8106e-05
2.6647e-05
4.1224e-05
2.7211e-05
2.8352e-05
3.4034e-05
3.0542e-05
2.2917e-05
3.303e-05
2.2873e-05
6.1305e-05
2.9565e-05
3.3093e-05
2.3082e-05
6.5384e-05
4.3665e-05
5.3496e-05
2.8929e-05
2.7936e-05
4.2395e-05
3.7136e-05
3.2388e-05
2.7319e-05
3.0478e-05
3.3453e-05
4.259e-05
2.6611e-05
9.8281e-05
8.403e-05
8.1683e-05
7.8646e-05
4.8329e-05
5.6424e-05
9.6913e-05
7.019e-05
7.444e-05
7.099e-05
7.4521e-05
9.921e-05
6.9874e-05
5.2419e-05
6.9088e-05
7.471e-05
7.7154e-05
0.000104879
8.2051e-05
7.8581e-05
5.7304e-05
7.9854e-05
5.725e-05
0.000104302
5.6958e-05
7.2889e-05
7.1996e-05
6.7152e-05
7.8347e-05
7.3968e-05
6.7639e-05
6.9963e-05
7.0305e-05
8.0581e-05
6.8638e-05
0.000153116
0.000121259
0.000131454
0.000176475
5.4683e-05
9.3236e-05
0.0001047
6.1316e-05
5.8636e-05
8.555e-05
6.6777e-05
9.2613e-05
7.1294e-05
0.000100777
6.8016e-05
9.0435e-05
8.0731e-05
5.9489e-05
6.0371e-05
4.9656e-05
7.2927e-05
8.5717e-05
8.7611e-05
9.5524e-05
7.1231e-05
8.3136e-05
7.0972e-05
6.8727e-05
6.4319e-05
0.000118784
9.066e-05
6.0384e-05
5.5527e-05
7.8356e-05
7.0225e-05
9.889e-05
7.2113e-05
6.2306e-05
8.3264e-05
6.7035e-05
9.031e-05
4.0892e-05
5.9099e-05
9.5037e-05
6.7901e-05
0.000114247
8.6869e-05
9.3781e-05
0.000104632
7.995e-05
0.000111791
6.1901e-05
6.0191e-05
0.000122556
7.1298e-05
5.735e-05
7.8224e-05
6.4361e-05
0.000108608
7.7477e-05
0.000122404
0.000131641
7.3101e-05
0.000134967
8.6794e-05
0.000199014
0.000208701
0.000198425
0.00015027
0.000252998
0.00015471
0.00010774
0.000199459
0.00016797
0.000151912
0.000139579
0.000173163
0.000161868
0.00020268
0.000185866
0.000270292
0.000165674
0.000188637
9.7496e-05
0.000192546
0.000161488
0.000226815
0.000188983
0.000177378
0.000187432
0.000147253
0.000158124
0.00013108
0.00016495
0.00013137
0.000194356
0.000153708
0.000133496
0.000202593
0.000199532
0.000119326
0.000243235
0.000202233
0.000180394
0.000166715
0.000180796
0.000209887
0.000133159
0.000152614
0.000193607
0.000195
0.000156573
0.00018646
0.000149308
0.000178361
0.000162628
0.000182672
0.000214788
0.000214897
0.000180206
0.000226017
0.000383222
0.000177475
0.000148865
0.000179547
0.000191678
0.000261959
0.000231655
0.000171068
0.000229489
0.000240155
0.000204368
0.000166637
0.000212815
0.000241901
0.000311062
0.000270614
0.000229841
0.000184742
0.000172177
0.000210218
0.000251332
0.000185524
0.000188472
0.000142267
0.000181624
0.000162995
0.000184902
0.000173456
0.000209907
9.1659e-05
0.000146481
0.00011529
0.000184663
0.000165986
0.000222554
0.000162606
0.000274755
0.000225614
0.000205016
0.000162661
0.000158244
0.00018874
0.000210262
0.000131958
0.000408355
0.000370408
0.000473063
0.000391934
0.000423611
0.000549118
0.000232821
0.000352986
0.000347556
0.000392118
0.000443826
0.000308963
0.000366524
0.000503527
0.000293971
0.000471692
0.000283674
0.000271906
0.00036645
0.000322333
0.000351034
0.000374193
0.000287096
0.000347966
0.00028026
0.000266361
0.000429622
0.000453993
0.000337889
0.000386054
0.000516124
0.0003245
0.000440217
0.000376812
0.000359526
0.000171193
0.00035368
0.000352833
0.000336016
0.00038526
0.000360219
0.00039528
0.000228308
0.000500869
0.000261313
0.000221268
0.00028339
0.000315855
0.00035197
0.000324086
0.000415895
0.000335485
0.00038595
0.000482822
0.000295901
0.000298794
0.000280263
0.000327675
0.000299753
0.000276653
0.000379178
0.000246179
0.00027993
0.000299214
0.000413932
0.000326611
0.000264407
0.000209653
0.000261908
0.000410384
0.000371112
0.000345035
0.000293671
0.000427985
0.000383544
0.000357607
0.000432873
0.000357388
0.000293754
0.000240198
0.000308136
0.00046623
0.000286073
0.000449695
0.000500869
0.000329218
0.000252615
0.000272469
0.000236815
0.000362244
0.000350928
0.000262565
0.000483689
0.000526371
0.000364685
0.000285076
0.000481592
0.000308406
0.000352762
0.000353799
0.000562613
0.00062933
0.000620701
0.000819551
0.000439468
0.000518407
0.000706777
0.000616043
0.000615633
0.000607628
0.00061399
0.00095449
0.000778316
0.000729456
0.00066514
0.00106887
0.000691941
0.000680129
0.000916559
0.000839021
0.000582216
0.000716861
0.000614598
0.000563744
0.000701778
0.000476309
0.000643651
0.000830197
0.000478124
0.000740378
0.000659423
0.000531661
0.000627088
0.000617249
0.00054627
0.000711741
0.000625451
0.000811526
0.000574059
0.000749448
0.000503912
0.000740967
0.000669493
0.000593534
0.000524332
0.00120102
0.000992294
0.00102409
0.000651018
0.000630252
0.00060505
0.000924084
0.000506487
0.000812912
0.000462366
0.000932604
0.00101352
0.000603765
0.000472245
0.000828591
0.00063603
0.000785054
0.000691929
0.000521679
0.000693386
0.000854169
0.000713213
0.000667153
0.00107233
0.000576734
0.000906711
0.000672602
0.000537071
0.000887748
0.000923406
0.000599938
0.000868641
0.00062819
0.000356098
0.000828328
0.000953875
0.000931859
0.00112574
0.000749124
0.000664671
0.000728181
0.000560013
0.000602054
0.000735131
0.000660054
0.000825478
0.000575321
0.00114569
0.000323034
0.000639213
0.000669212
0.000505445
0.00086104
0.000763505
0.000527533
0.00136396
0.00169626
0.00113893
0.00100144
0.00134538
0.000740716
0.00174105
0.000974358
0.00192938
0.000944954
0.00137719
0.00210733
0.00127853
0.00158326
0.00149749
0.000814712
0.00124201
0.000721522
0.00116168
0.00106263
0.00249813
0.0010478
0.00130041
0.00109546
0.00182231
0.00102912
0.00135357
0.00160206
0.000958536
0.00126515
0.00196815
0.000629535
0.00130918
0.00151063
0.00153443
0.00119786
0.00152932
0.00129578
0.00164567
0.000960593
0.000826757
0.00165774
0.00108072
0.0011997
0.00104619
0.00133847
0.000867552
0.00130325
0.00164347
0.00126551
0.00169852
0.00137141
0.00184533
0.000896712
0.00114556
0.00126063
0.00146476
0.00144928
0.00153363
0.000750222
0.00117355
0.00122919
0.00157174
0.00162393
0.0013916
0.00128436
0.000987203
0.00114564
0.00119465
0.000683694
0.00117584
0.000695737
0.00161879
0.000734514
0.00105835
0.00148664
0.00155432
0.000996666
0.00134341
0.0017657
0.00097704
0.00139912
0.00127988
0.0012972
0.00146594
0.00131382
0.00126251
0.000880917
0.00210596
0.000938204
0.00173729
0.00159959
0.000986451
0.00230692
0.000911343
0.00187346
0.00125581
0.00182377
0.000895612
0.00135013
0.00217143
0.00225848
0.0042651
0.00177648
0.00420757
0.00229968
0.00123639
0.00151974
0.00239914
0.00341784
0.00184186
0.00363448
0.00332984
0.00347727
0.00150263
0.00285433
0.00133001
0.00141895
0.00194679
0.00232726
0.00266425
0.0033139
0.00339044
0.00395127
0.00187487
0.00299643
0.00179146
0.00349563
0.0023478
0.00294811
0.00250764
0.00305829
0.00218667
0.00200089
0.00183546
0.00223861
0.00210923
0.00151546
0.00240281
0.00190264
0.00212281
0.00208732
0.00249376
0.0018792
0.00373404
0.00189358
0.00179907
0.00302592
0.00187141
0.0024756
0.00516674
0.00162639
0.00333283
0.00216341
0.00571042
0.00378184
0.00366523
0.00317185
0.00223314
0.00518047
0.00195049
0.00197705
0.00445259
0.00378183
0.00261434
0.00243204
0.00157864
0.00187533
0.00188477
0.00313214
0.00317763
0.00225834
0.00270555
0.00198233
0.00294992
0.00239109
0.00337906
0.00225705
0.00340467
0.00268281
0.00540991
0.00198369
0.00199183
0.00162646
0.00234748
0.00454523
0.00474663
0.00330421
0.00213506
0.00195936
0.00324783
0.00195374
0.00239667
0.0038564
0.00238866
0.00194682
0.00271481
0.00225679
0.00199193
0.00279425
0.00465926
0.00824112
0.00379488
0.00590061
0.0061248
0.00632079
0.00349938
0.0049457
0.0042987
0.00353142
0.00353635
0.00500924
0.00459766
0.00501273
0.00467828
0.00431171
0.00544827
0.00268855
0.00545404
0.00377958
0.00676673
0.00294097
0.00390933
0.00950412
0.00761477
0.00719681
0.0050595
0.00527432
0.00520776
0.00466716
0.00283125
0.00298822
0.00223901
0.00633535
0.00398486
0.00273863
0.00484334
0.00667254
0.00508671
0.00307867
0.0057433
0.00387195
0.00613083
0.00618591
0.00252648
0.00386871
0.00326571
0.0066504
0.0070008
0.00473926
0.00186111
0.00493412
0.00707497
0.00708012
0.00536621
0.00786648
0.00298025
0.00923827
0.00306575
0.00288828
0.0042049
0.00445739
0.00742621
0.0032886
0.00600472
0.00493427
0.00779822
0.00611864
0.00678144
0.0091045
0.0030811
0.00900362
0.00303765
0.00240982
0.0059092
0.00504711
0.00653251
0.00433915
0.00603817
0.00538885
0.0056072
0.00396241
0.00279473
0.00433127
0.0064757
0.00343533
0.00455415
0.00417207
0.00158468
0.00488571
0.00356356
0.00163724
0.00313306
0.0060473
0.00670943
0.00569128
0.00366268
0.00393143
0.0077253
0.0045702
0.00739089
0.00615157
0.0098365
0.0075403
0.0177275
0.0135505
0.00732151
0.00794778
0.00800218
0.00770451
0.0236544
0.00985861
0.0167257
0.00613167
0.00569825
0.0118327
0.00521384
0.00590596
0.00814344
0.00954355
0.00656217
0.013949
0.00618582
0.0077975
0.0114565
0.0150517
0.008625
0.00811329
0.0120589
0.0195021
0.0163014
0.0121797
0.0095436
0.00837772
0.0103822
0.00942977
0.00873412
0.00671777
0.0106884
0.0155837
0.0155335
0.0115977
0.00427104
0.00401119
0.00554987
0.00585144
0.00472335
0.0110999
0.00810407
0.0105768
0.0043509
0.0129306
0.00210695
0.00427021
0.00676797
0.0114781
0.0119363
0.0124464
0.0122855
0.00613164
0.0083008
0.0150119
0.00865632
0.00930741
0.00735541
0.00937838
0.0187202
0.00936448
0.0137045
0.0122644
0.00690036
0.00691798
0.0112014
0.00585713
0.00611844
0.0121246
0.0101613
0.00455981
0.0155281
0.0102342
0.00746302
0.0141094
0.00471968
0.00565923
0.00976201
0.00591511
0.0173258
0.00624587
0.00656695
0.0142647
0.00927235
0.0191043
0.00981472
0.0141453
0.0181348
0.0163161
0.00640062
0.00595058
0.00828469
0.0126901
0.0151412
0.0208861
0.0180363
0.0264377
0.00947622
0.0142503
0.0249171
0.0095819
0.0105638
0.0153189
0.0112336
0.0263727
0.0106436
0.0215027
0.0140466
0.0249786
0.0368759
0.0223749
0.0181706
0.024584
0.0150792
0.0132349
0.0150508
0.0295816
0.00861678
0.0141576
0.0288385
0.0152911
0.022378
0.015651
0.0399156
0.0188736
0.023801
0.0308309
0.013734
0.0157847
0.0173606
0.023321
0.0239151
0.0177699
0.0217507
0.0158591
0.0137114
0.0168704
0.0246561
0.0139263
0.0167045
0.0139677
0.0255699
0.0172299
0.0173687
0.0246872
0.0132281
0.0106319
0.0205748
0.0256007
0.0236468
0.0168683
0.0137045
0.019292
0.0179013
0.0127209
0.0147221
0.00590937
0.0119882
0.0207328
0.0149283
0.0116027
0.0148326
0.0247077
0.021572
0.0162507
0.0145835
0.013057
0.0142257
0.0230583
0.0230666
0.0144749
0.0261174
0.0356831
0.0183494
0.0312949
0.014556
0.0182863
0.0117494
0.0116683
0.0300324
0.0207052
0.0156861
0.027943
0.0123415
0.0192074
0.0174125
0.0108547
0.0288296
0.0235593
0.0249101
0.0125326
0.0268089
0.0190289
0.0362536
0.0424637
0.0324994
0.0195447
0.0343382
0.0243801
0.0387161
0.0305328
0.0556049
0.0348825
0.0436328
0.0204624
0.012125
0.0194284
0.0615931
0.0391808
0.0216512
0.0413904
0.031218
0.0237889
0.0239717
0.0367824
0.0647478
0.0424802
0.0424242
0.032214
0.0406664
0.0325887
0.0214075
0.0240443
0.0591077
0.0527623
0.0278421
0.0166307
0.0458062
0.0281666
0.0257491
0.025136
0.0199369
0.039066
0.0622584
0.0377148
0.0360482
0.0853631
0.0114137
0.0280835
0.032804
0.032574
0.0484548
0.0606324
0.0255313
0.0166377
0.050051
0.0326647
0.0709482
0.0228621
0.0416498
0.0232293
0.0249015
0.0475747
0.0731978
0.0204432
0.0564422
0.0212016
0.0215337
0.025216
0.0216042
0.0222459
0.0744333
0.0145947
0.0283247
0.0453517
0.0201541
0.0459283
0.0542911
0.033854
0.0427551
0.060619
0.0462472
0.0452038
0.0180201
0.0412484
0.0344804
0.0347689
0.0285681
0.0160436
0.0137515
0.0454839
0.0254608
0.0419074
0.0390897
0.0488061
0.0200127
0.0449177
0.0272315
0.0175668
0.0333178
0.0581124
0.0426576
0.0254158
0.0392622
0.112294
0.105671
0.0642599
0.0380553
0.10005
0.0342466
0.0689472
0.0649048
0.0788658
0.0812404
0.101005
0.202162
0.13999
0.0876599
0.111009
0.0642809
0.0690777
0.061601
0.0385756
0.032177
0.0464149
0.0786208
0.0672832
0.0488048
0.0313365
0.105145
0.131013
0.0542048
0.0377805
0.0710452
0.0770042
0.094274
0.0412671
0.110636
0.08191
0.0717482
0.0894463
0.0536922
0.0351546
0.0417566
0.0572796
0.0604908
0.0637099
0.0377368
0.0666123
0.0446602
0.0723568
0.0616414
0.0252728
0.0787726
0.0715016
0.0779422
0.0546602
0.115434
0.0875815
0.10637
0.0854014
0.0658976
0.0622547
0.0718545
0.0362264
0.0802245
0.0554378
0.0371066
0.0324274
0.0542266
0.113756
0.0480229
0.0359847
0.0592478
0.0466898
0.050926
0.0294341
0.115217
0.0674517
0.0492069
0.0250271
0.0908094
0.0486579
0.0837491
0.0201868
0.0307534
0.124625
0.0622698
0.0320806
0.0437411
0.0445985
0.0353487
0.0232645
0.114524
0.0811486
0.0600208
0.058971
0.0319211
0.028296
0.0787534
0.116629
0.0265021
0.132137
0.0853668
0.105313
0.134696
0.162334
0.0594123
0.0393814
0.0579842
0.217141
0.0858493
0.234366
0.152028
0.132213
0.132892
0.0980543
0.285167
0.121807
0.230016
0.132962
0.0454079
0.103607
0.145216
0.109155
0.125624
0.0696905
0.152479
0.10588
0.153701
0.0926026
0.0774364
0.222525
0.124372
0.143207
0.0609742
0.23283
0.0861289
0.073866
0.331414
0.0783009
0.107
0.184767
0.100378
0.0571051
0.0762969
0.123638
0.0628077
0.111479
0.111669
0.0579669
0.125855
0.479878
0.0472807
0.056935
0.0769866
0.0463801
0.21595
0.11187
0.0974899
0.190942
0.0470312
0.0909457
0.160298
0.173539
0.101196
0.214981
0.15451
0.061615
0.0440579
0.277497
0.124431
0.191189
0.149241
0.116079
0.184016
0.217519
0.146092
0.205135
0.0592925
0.152316
0.222287
0.129516
0.0405095
0.301939
0.214515
0.12756
0.0695486
0.0648657
0.147233
0.225049
0.235602
0.137631
0.209226
0.0707917
0.0995701
0.11108
0.116783
0.144671
0.27767
0.0820383
0.0742655
0.0759919
0.115492
0.182333
0.140538
0.136293
0.326741
0.1782
0.139152
0.554236
0.194488
0.0866718
0.123517
0.171234
0.111452
0.142403
0.136385
0.41333
0.147871
0.270975
0.14265
0.23053
0.255391
0.211007
0.101959
0.103777
0.316999
0.355179
0.16029
0.209361
0.453486
0.158216
0.304101
0.201099
0.14954
0.257216
0.216114
0.267689
0.21012
0.62935
0.122504
0.256699
0.113811
0.362193
0.0947729
0.232617
0.0950108
0.145275
0.180157
0.209655
0.417368
0.300518
0.236702
0.268872
0.132853
0.216819
0.0991452
0.156655
0.227425
0.155872
0.200547
0.31231
0.792072
0.0871772
0.15266
0.252576
0.432631
0.240028
0.31851
0.332012
0.130515
0.297934
0.124512
0.139263
0.265535
0.361051
0.181163
0.165879
0.178909
0.206259
0.37181
0.502187
0.140638
0.228438
0.363727
0.398382
0.140448
0.0943978
0.159467
0.106019
0.388183
0.0384632
0.293828
0.0990694
0.243774
0.245914
0.265894
0.654853
0.290301
0.123919
0.257355
0.0894409
0.216559
0.203907
0.250014
0.668283
0.800304
0.36403
1.34839
0.303096
0.233968
0.444237
0.287038
0.238831
0.384162
0.557067
0.288204
0.849044
0.0567559
0.502774
0.25557
0.284068
0.342099
0.251269
0.625148
0.423083
0.234272
0.310547
0.282232
0.307833
0.569346
0.608921
0.229564
0.232376
0.228986
0.403385
0.432807
0.425504
0.33025
0.719053
0.708893
1.06501
0.146946
0.271842
0.234121
0.695617
0.534951
0.242795
0.346896
0.274229
0.237906
0.419061
0.302031
0.465788
0.797157
0.308699
0.218654
0.385122
0.253775
0.492472
0.630063
0.273569
0.834724
0.710141
0.264732
0.782784
1.02969
0.301205
0.258116
0.945492
0.325763
0.539971
0.697255
0.181284
0.384823
0.333844
0.968678
0.641485
0.321668
1.073
0.165204
0.208399
0.208164
0.61416
0.832066
0.461799
0.200962
0.565419
0.166294
0.889908
0.228102
0.406667
0.850015
0.37021
0.238523
0.226386
0.689923
0.34335
0.406309
0.833496
0.28612
0.465216
0.696301
0.675326
0.278821
0.9595
0.88629
1.14483
2.01872
0.666089
0.604427
0.425575
0.474102
0.487956
0.554578
1.42995
0.821674
0.714617
1.20655
1.26459
1.0408
0.708656
0.767881
0.482317
0.455953
0.721929
0.215308
0.23192
0.611299
0.851054
0.16333
0.456673
0.411422
0.538769
1.18467
0.85236
0.763911
0.615377
0.632371
0.427602
0.699755
1.24
0.949252
0.515798
0.639042
3.34082
0.933392
0.707082
0.559605
0.66092
1.33982
0.772898
0.418758
1.31059
0.299801
0.414443
0.396942
2.3224
1.1544
0.846513
0.389519
0.936921
0.403837
0.708199
0.906911
0.390945
1.64689
0.624783
1.39944
2.09903
1.51229
0.935559
0.466194
1.87439
1.89786
0.500832
0.911731
0.573433
0.596837
0.965314
0.545737
0.787497
1.79599
1.22855
0.791623
1.19957
1.21875
0.430744
0.813752
1.00351
0.796745
0.886878
0.821403
1.02876
0.694288
1.19583
0.870092
1.18923
0.760728
0.884532
0.548828
1.28472
0.865863
1.91689
0.314559
2.51023
3.83646
2.42762
1.05346
0.761227
0.490771
1.70416
1.87507
1.2631
1.26215
0.823519
1.17205
1.08863
0.846052
1.47497
1.70932
2.28816
1.22749
0.897743
1.34972
4.1453
3.47532
1.21919
2.45593
1.17758
1.40331
0.36659
1.56073
1.90989
1.60557
0.83799
1.40838
0.69913
2.02719
0.944817
1.22857
2.53153
0.913335
0.935071
3.19175
0.933199
1.7345
2.55149
0.743196
1.56442
2.49299
0.870513
1.32387
1.63503
0.370778
2.03198
0.33036
1.84432
3.49212
1.85271
1.07993
1.61472
1.57395
1.50324
2.54615
1.07901
0.844583
1.40316
1.91818
1.03418
1.05813
1.87686
1.8997
2.46101
0.606945
1.93833
1.59247
1.44655
0.576814
1.28292
2.11467
2.81319
3.89733
1.16463
1.6214
2.03932
1.77077
0.89993
1.46218
0.520828
1.47403
2.02301
1.66231
1.24394
3.00261
3.13939
2.42241
1.18742
1.27561
1.18155
0.886156
0.942576
2.73642
2.17934
2.01193
5.32636
2.84986
2.60638
3.18472
2.27146
1.26417
3.22098
2.59103
2.23736
4.39919
8.31979
1.93114
4.00797
1.22196
5.40939
2.33049
4.24803
4.63498
1.83664
2.80186
2.86527
5.54706
2.21376
3.39392
4.15793
2.43749
7.13066
2.80413
2.38977
1.84435
2.42759
4.22305
3.33535
3.73507
6.95899
1.49075
2.95753
6.18968
5.90435
7.53103
8.09833
6.14962
3.47735
2.09311
0.64918
1.33235
5.36701
3.39724
5.02919
1.35763
3.71917
4.5288
2.99933
1.75774
4.56872
3.30471
3.11359
1.65841
1.31943
3.2181
3.78709
2.8984
1.02491
3.52052
4.22939
3.61946
4.1932
1.23427
10.1563
2.48841
3.42313
2.06136
3.16378
1.22804
3.58959
6.57789
3.02253
2.10131
1.67309
3.31757
1.11799
3.60022
7.84805
1.72132
0.629092
1.62727
3.13556
10.2691
7.04489
2.36789
3.0904
2.05355
0.999292
3.5111
2.86243
5.21922
2.40894
6.05851
1.50834
3.41994
4.67433
7.1396
4.10379
1.1545
4.01496
9.60161
0.981755
2.36167
4.80823
4.79304
2.03597
4.74834
6.48326
3.17018
6.61577
7.13362
7.23525
2.38542
3.60259
7.15322
4.01605
5.98468
2.69422
5.26357
20.0822
1.72684
8.1717
3.4843
4.91216
7.46801
2.09497
2.551
8.61323
10.4213
9.33516
3.41954
9.88373
8.5422
13.0503
9.65591
5.9688
12.5461
5.5606
6.01294
14.9194
16.2716
9.99961
2.98637
7.41495
4.9673
2.3658
3.07295
5.54391
3.10746
1.50437
6.36643
9.90731
4.11312
7.16916
10.2661
3.47263
3.9711
3.13222
4.5228
9.33395
2.23308
9.29522
2.83404
3.73405
5.08417
8.23172
6.5736
12.224
6.07889
3.54686
5.36885
5.90156
3.01173
2.15743
8.57503
4.59194
8.93127
5.50188
6.14528
5.58577
7.10647
13.664
3.30027
3.77317
7.14027
1.76029
2.95161
13.3198
2.57769
4.22446
3.94072
8.00972
