23 1
22 -14
23 2
1  4
19 -23
23 3
23 -11
19 -21
21  15
23 4
18  7
22  23
22 -19
1 -18
23 5
21 -10
1 -9
15  11
23  16
19  10
23 6
13 -6
4 -20
1 -2
1 -14
11 -15
19  5
23 7
21 -6
9 -23
16 -23
12  22
5 -12
9 -4
2  3
23 8
17  2
15  20
8 -16
7 -16
8 -16
6  6
5 -12
23 -4
23 9
16 -20
8 -22
10  3
13  22
5 -17
21  18
23 -3
23  12
11  22
23 10
11 -5
12 -9
5 -7
22  8
10 -18
17  4
9  16
4  18
1  9
20  13
23 11
21  13
11 -5
23 -13
9 -14
6 -12
8 -8
18 -15
23  20
15 -2
13  17
20 -18
23 12
9  9
22  20
10  6
22 -9
13  15
8  12
12  5
22  11
1  8
22  18
21  2
8  13
23 13
10 -6
6  12
20  22
1  22
22  15
22 -5
5 -14
15 -21
4 -2
18  14
19 -14
18 -3
14 -4
23 14
20  9
15  22
6 -13
4 -22
1 -8
8 -17
19  11
3 -16
9 -2
16 -23
23 -22
1  13
21  14
14 -21
23 15
16 -4
18 -2
17  17
23  15
6 -17
20  1
6  23
12 -21
12  21
2 -1
9 -16
13  2
4 -12
7 -3
12 -2
23 16
4 -20
11 -5
23 -2
16  23
17 -21
4  5
8 -14
21 -3
17 -1
20  7
20  12
13 -11
12 -6
21 -17
9  13
7 -15
23 17
5 -10
21  4
3 -1
16 -16
3 -21
15 -17
15  11
3  8
12  10
9  2
14  21
22 -22
9  10
4  14
22 -15
11  13
8 -17
23 18
6  9
23 -6
14 -16
13 -10
16  6
3 -5
13 -6
21 -3
23 -1
10 -2
8 -20
19  12
5  1
2  15
10 -18
4  22
22  21
12 -12
23 19
3  8
13  15
5 -16
8 -2
1  15
1 -23
13 -6
13 -16
1  23
18 -22
23  7
21  10
6 -13
11 -21
18  21
1 -23
20  15
10  8
20  18
23 20
12  17
1  14
10  2
6  11
4 -8
20 -1
13  2
18 -9
15 -5
16  13
3  5
21 -12
19  20
23 -23
21  21
11 -11
22  7
1 -4
5 -11
22 -8
23 21
18  5
14  14
10  11
2 -14
4  5
17  19
17 -1
18 -2
16  1
1 -14
22 -7
20  22
9 -18
18 -2
6 -14
17  14
8 -11
3 -11
18  1
2  5
22 -11
23 22
22  18
11  22
20  2
2 -19
20 -20
15  7
21 -14
23 -5
21 -15
17 -20
21  11
5 -3
13 -5
19 -22
15  17
19 -13
5  8
23  20
16 -18
16  16
10 -19
3  23
23 23
21  23
19 -10
5  18
13  7
5 -12
9 -18
7  8
2 -2
18 -4
16  10
8  10
16 -16
4 -9
23 -4
4  16
21 -12
5  19
13 -5
21 -1
22  5
1 -16
11  9
8 -19
0 0
