4.439e-06
2.054e-05
2.127e-06
2.111e-06
2.155e-06
2.112e-06
2.086e-06
2.093e-06
2.137e-06
2.106e-06
2.121e-06
2.063e-06
2.111e-06
2.161e-06
2.168e-06
2.117e-06
2.094e-06
2.129e-06
2.083e-06
3.5438e-05
2.246e-06
2.035e-06
2.168e-06
2.094e-06
2.143e-06
2.133e-06
2.107e-06
2.057e-06
2.089e-06
2.127e-06
2.102e-06
2.046e-06
2.133e-06
2.028e-06
2.044e-06
2.14e-06
2.18e-06
2.04e-06
2.162e-06
2.118e-06
2.075e-06
2.079e-06
2.099e-06
2.073e-06
2.127e-06
2.118e-06
2.129e-06
2.106e-06
2.116e-06
2.053e-06
2.134e-06
2.118e-06
2.111e-06
2.043e-06
2.138e-06
2.108e-06
2.11e-06
2.102e-06
2.117e-06
2.07e-06
2.176e-06
2.131e-06
2.072e-06
2.085e-06
2.065e-06
2.136e-06
2.099e-06
2.063e-06
2.103e-06
2.131e-06
2.119e-06
2.047e-06
2.091e-06
2.105e-06
2.097e-06
2.075e-06
2.141e-06
2.096e-06
2.094e-06
2.102e-06
2.107e-06
2.074e-06
2.06e-06
2.052e-06
2.102e-06
2.051e-06
2.087e-06
2.18e-06
2.083e-06
2.14e-06
2.085e-06
2.068e-06
2.084e-06
2.059e-06
2.111e-06
2.146e-06
2.116e-06
2.028e-06
2.084e-06
2.078e-06
8.819e-06
8.83e-06
8.399e-06
8.324e-06
8.316e-06
1.02e-05
4.245e-06
5.599e-06
1.0915e-05
1.0357e-05
4.345e-06
1.1623e-05
1.0023e-05
5.554e-06
9.822e-06
9.494e-06
8.071e-06
1.0796e-05
1.0239e-05
8.192e-06
8.012e-06
8.196e-06
8.209e-06
1.1363e-05
8.09e-06
6.22e-06
5.614e-06
6.236e-06
1.0034e-05
8.083e-06
4.298e-06
4.262e-06
1.1398e-05
8.188e-06
1.0011e-05
6.202e-06
8.048e-06
6.189e-06
9.224e-06
9.206e-06
4.326e-06
6.237e-06
9.981e-06
6.162e-06
5.556e-06
1.1491e-05
9.816e-06
4.279e-06
1.1431e-05
9.885e-06
7.977e-06
6.287e-06
6.166e-06
1.0129e-05
8.148e-06
9.275e-06
6.32e-06
1.0839e-05
5.48e-06
9.825e-06
6.093e-06
5.53e-06
5.484e-06
9.913e-06
8.085e-06
9.811e-06
6.039e-06
6.247e-06
8.545e-06
8.048e-06
8.091e-06
5.49e-06
4.278e-06
9.33e-06
8.39e-06
9.28e-06
4.282e-06
6.256e-06
8.114e-06
6.211e-06
1.143e-05
8.16e-06
1.0168e-05
6.238e-06
4.288e-06
6.227e-06
1.0148e-05
4.294e-06
8.253e-06
5.605e-06
6.24e-06
9.266e-06
6.184e-06
9.818e-06
5.569e-06
5.592e-06
9.317e-06
9.281e-06
8.109e-06
5.531e-06
1.1465e-05
1.394e-05
2.0483e-05
1.4068e-05
2.9162e-05
2.229e-05
8.435e-06
1.8671e-05
9.069e-06
1.8634e-05
1.8716e-05
2.6256e-05
1.9526e-05
9.172e-06
2.3928e-05
2.8554e-05
1.7354e-05
2.3269e-05
2.2534e-05
2.1109e-05
2.2277e-05
1.7878e-05
1.6801e-05
2.6261e-05
1.3258e-05
2.4458e-05
2.6137e-05
1.5492e-05
1.8611e-05
1.6808e-05
1.3951e-05
2.0073e-05
1.8784e-05
1.4948e-05
3.1365e-05
1.0943e-05
1.4591e-05
1.497e-05
1.8746e-05
1.4406e-05
2.4031e-05
6.973e-06
1.6983e-05
1.6206e-05
1.327e-05
2.328e-05
2.0067e-05
2.0935e-05
1.5582e-05
2.2377e-05
3.2522e-05
1.8572e-05
1.0804e-05
2.4215e-05
8.301e-06
1.6236e-05
2.3405e-05
1.5856e-05
1.3247e-05
1.528e-05
1.1532e-05
2.4292e-05
2.7753e-05
2.0677e-05
2.3681e-05
1.85e-05
1.5534e-05
8.429e-06
2.3548e-05
2.2367e-05
2.6577e-05
2.3347e-05
2.3419e-05
1.5749e-05
1.6651e-05
2.4522e-05
1.6715e-05
2.4212e-05
2.9076e-05
2.0799e-05
1.884e-05
1.8476e-05
1.7353e-05
2.4351e-05
2.2104e-05
2.5153e-05
2.3467e-05
2.5211e-05
1.8667e-05
1.3827e-05
1.4102e-05
2.6347e-05
2.3087e-05
2.5065e-05
9.197e-06
1.0856e-05
1.8519e-05
2.2996e-05
2.2203e-05
2.6435e-05
1.9412e-05
2.8148e-05
4.7013e-05
5.8319e-05
4.9011e-05
4.6017e-05
3.7864e-05
3.4663e-05
6.8287e-05
5.8843e-05
4.6267e-05
7.3056e-05
4.9892e-05
2.2102e-05
7.8965e-05
3.5772e-05
3.8882e-05
2.5707e-05
6.0716e-05
3.527e-05
3.4047e-05
3.7804e-05
2.5347e-05
6.0819e-05
6.0884e-05
2.813e-05
5.425e-05
5.3717e-05
5.6614e-05
6.7349e-05
5.6688e-05
3.9562e-05
5.3161e-05
2.9528e-05
5.8635e-05
4.4612e-05
2.8764e-05
3.7497e-05
6.7417e-05
3.9212e-05
5.9049e-05
6.147e-05
5.0168e-05
4.8194e-05
1.2887e-05
2.9715e-05
4.5933e-05
5.8347e-05
8.4171e-05
0.000104882
5.2974e-05
3.5181e-05
4.8827e-05
9.7852e-05
4.7587e-05
3.0058e-05
5.153e-05
4.3789e-05
6.8053e-05
2.177e-05
1.7223e-05
5.1578e-05
1.5752e-05
4.5254e-05
2.6825e-05
5.4414e-05
7.3701e-05
5.4171e-05
4.8726e-05
5.0828e-05
8.1548e-05
3.1663e-05
2.7592e-05
3.1661e-05
3.7268e-05
7.3101e-05
3.2154e-05
5.2361e-05
7.8331e-05
7.3217e-05
6.1121e-05
7.3859e-05
7.743e-05
3.426e-05
5.7719e-05
5.9573e-05
3.5818e-05
8.0811e-05
3.5081e-05
6.4262e-05
9.5239e-05
8.0125e-05
8.2411e-05
5.2377e-05
9.1706e-05
7.9906e-05
9.5635e-05
5.0305e-05
7.9776e-05
6.4353e-05
0.000111641
0.000166816
0.000117918
0.000132309
0.000131047
0.000120301
0.00018328
0.000114968
9.5281e-05
0.000164701
6.11e-05
0.000103798
0.000145478
8.2119e-05
8.2651e-05
8.9674e-05
6.384e-05
8.2571e-05
0.000134549
0.000115495
7.9612e-05
8.9271e-05
0.000125115
0.000153038
0.000145048
6.4563e-05
8.9315e-05
0.000143352
7.2052e-05
9.3619e-05
0.000135884
3.908e-05
0.000145806
8.1388e-05
8.45e-05
0.000128459
0.000141512
4.8022e-05
0.000118104
8.4427e-05
0.000104035
6.5753e-05
8.3977e-05
7.4021e-05
0.000110989
0.000136915
0.000119116
7.0729e-05
0.000122591
0.000144158
6.8836e-05
9.2233e-05
5.1086e-05
9.928e-05
9.7595e-05
5.7202e-05
0.000110386
9.8714e-05
0.000108389
8.456e-05
6.7601e-05
0.00012118
0.000100364
0.000115708
0.000115623
0.000116674
5.3971e-05
0.000124599
9.361e-05
0.000113001
5.8934e-05
4.6974e-05
0.000154428
7.211e-05
0.000122501
8.916e-05
9.9653e-05
0.000109672
5.0547e-05
0.000108868
0.000142984
0.000134683
8.1071e-05
5.132e-05
0.000102518
0.000107255
6.9752e-05
0.000110462
9.1342e-05
6.5678e-05
9.7634e-05
4.6001e-05
6.601e-05
0.00014476
0.000132225
5.8193e-05
8.3848e-05
8.3212e-05
7.9111e-05
5.9822e-05
0.000168872
0.00022037
0.000363904
7.5953e-05
0.000227977
0.000144428
0.00022211
0.00013198
0.000204284
0.000157999
0.000167733
0.000247311
0.000152906
0.000149413
0.000140377
0.000148265
0.000147105
0.000154992
9.4309e-05
0.000223864
9.7616e-05
0.000357499
0.000128773
8.8115e-05
0.000200128
0.000230021
0.000355884
0.000170188
0.000206397
0.000281673
0.000277382
0.000238875
3.3064e-05
0.000287369
0.000330415
0.000285487
0.000258301
0.000282537
0.000241305
6.874e-05
0.000213181
0.000205176
0.000309525
0.000147165
0.000132485
0.000163714
8.4122e-05
8.4478e-05
0.000218588
0.000188865
0.000133187
0.0001609
9.7964e-05
0.000147856
0.000160936
7.0853e-05
0.000187412
0.00015969
0.000192115
0.000206128
0.000285233
0.000429226
0.000223709
0.000202429
0.00019481
0.000161828
9.3979e-05
0.000162528
0.000183085
0.000100754
0.00023417
0.000153844
0.000217117
0.000120969
0.000135386
0.000281998
6.6416e-05
0.000114977
0.000179253
0.000351004
0.000336214
0.000151825
0.000174051
0.000158875
0.000179377
0.000173894
0.000119814
0.000150672
9.335e-05
0.000150901
0.000236018
0.000139633
0.000199557
0.000151413
0.000128667
0.000129583
0.000105117
0.000269362
0.000193868
0.000220767
0.000239856
0.000523185
0.000522126
0.000291866
0.000418571
0.000322463
0.000234177
0.000440516
0.0004657
0.000590837
0.000269645
0.000112657
0.000265613
0.000543815
0.000584277
0.000317279
0.000185218
0.000254418
0.000561761
0.000320519
0.000263175
0.000586955
0.000328241
0.000249268
0.000335126
0.000463361
0.000162213
0.000358467
0.000340295
0.000323029
0.000198806
0.000476624
0.000197248
0.000280236
0.000360193
0.000429511
0.000397214
0.000312457
0.000504005
0.000465308
0.000341243
0.000467027
0.000451398
0.000481015
0.000416474
0.000430368
0.000178467
0.000592318
0.000418845
0.00031909
0.0002012
0.000434079
0.000306503
0.000109033
0.000200586
0.00040035
0.000369466
0.000264955
0.000298069
0.000448151
0.000416592
0.000430382
0.000397502
0.000282519
0.000211067
0.000283128
0.00019767
0.000161509
0.000239482
0.000379415
0.000392342
0.000312751
0.000322212
0.000228552
0.0002936
0.000229217
0.000400953
0.000419056
0.000457419
0.000268357
0.000801935
0.000397483
0.000413961
0.000262783
0.000128367
0.000503809
0.00032028
0.000474609
0.000305491
0.000455192
0.000259175
0.000479493
0.000340032
0.000347583
0.000315932
0.000220518
0.000207478
0.000387335
0.000333822
0.0002621
0.00081471
0.000367982
0.00115756
0.000354346
0.000802667
0.000509299
0.000759797
0.000430134
0.000405189
0.00068391
0.000779694
0.000914256
0.000857247
0.000620605
0.000449491
0.000373327
0.000662645
0.000302732
0.000767626
0.000711188
0.000421978
0.000320367
0.000552504
0.000614047
0.000452593
0.000435201
0.000426365
0.000303928
0.000850084
0.000563763
0.000858323
0.000800062
0.000623824
0.000417922
0.000718541
0.000484857
0.000987767
0.000692644
0.000659897
0.000754903
0.000527747
0.00102341
0.000563095
0.000928329
0.000659039
0.000744929
0.000469628
0.000691325
0.00103106
0.000703383
0.000461988
0.0009298
0.000480649
0.000443449
0.000362767
0.000426513
0.000698924
0.000497667
0.000850753
0.000396685
0.000490846
0.000815063
0.000675189
0.000466992
0.000907162
0.000741475
0.000757053
0.000522342
0.000873593
0.000777824
0.000460946
0.000459964
0.000451541
0.000672543
0.000505298
0.000693836
0.000657012
0.000631458
0.000596439
0.00114695
0.000649067
0.000321535
0.000457607
0.000271304
0.00080536
0.00048539
0.000504991
0.000698022
0.000227546
0.00087008
0.00054448
0.000876726
0.000485067
0.000933663
0.00063594
0.000610687
0.00048345
0.000416995
0.000586003
0.000902222
0.000839796
0.00130638
0.00144108
0.00114236
0.000952608
0.00200026
0.00134394
0.00165036
0.000936582
0.00106925
0.00103974
0.00176929
0.00132341
0.00136706
0.00187402
0.00190469
0.00117339
0.00107344
0.000940258
0.0012124
0.000752501
0.000922882
0.000673278
0.00167484
0.000709412
0.00113617
0.00126446
0.000889632
0.00143068
0.00121331
0.00147902
0.00108671
0.000854052
0.000499181
0.00142787
0.00170674
0.000869197
0.000851113
0.00105832
0.00092438
0.000678025
0.000990605
0.000615539
0.00154918
0.00159128
0.00174926
0.000646567
0.00131586
0.000819917
0.00098484
0.0011296
0.000873316
0.00118903
0.00159088
0.000924221
0.00111959
0.000745486
0.00115606
0.00169531
0.00162889
0.00150286
0.00176447
0.00130772
0.000739068
0.000725861
0.00250004
0.000792486
0.00101616
0.00100866
0.00108018
0.00112241
0.0012721
0.0011244
0.000644753
0.00152053
0.000682934
0.00131028
0.000581927
0.000667409
0.000753248
0.000750422
0.000673212
0.000715565
0.00193297
0.00122328
0.0013294
0.00153497
0.000708685
0.00123125
0.00230013
0.00137994
0.00057604
0.000388312
0.0011541
0.000479226
0.00150685
0.00139082
0.00107049
0.00178912
0.000894394
0.00281806
0.00232376
0.00176935
0.00133256
0.00207004
0.00148525
0.00212689
0.00384415
0.00203535
0.00191161
0.00134007
0.001681
0.00360909
0.00194591
0.00112982
0.00406856
0.00230616
0.0022348
0.00247343
0.00261036
0.00214394
0.00138946
0.00154823
0.00206089
0.00176378
0.00181861
0.00243735
0.00156733
0.00161812
0.00252402
0.00449778
0.00151725
0.00298148
0.000733756
0.00222994
0.00302166
0.00172714
0.0021104
0.00125181
0.00271743
0.00212902
0.0017921
0.00135585
0.00257334
0.00357078
0.00224828
0.00206797
0.00339251
0.00172527
0.000934434
0.00176272
0.00250054
0.00230927
0.0018181
0.00245065
0.00157936
0.00157255
0.00230451
0.00446633
0.00388021
0.00205324
0.00173157
0.00250038
0.00221623
0.000818023
0.00225363
0.00229092
0.00261524
0.00320595
0.00152499
0.00217463
0.00281053
0.00208605
0.0009812
0.00211635
0.00320277
0.00129079
0.00164851
0.001747
0.00179497
0.00201797
0.00206603
0.00228844
0.00200615
0.00276139
0.00121328
0.00299843
0.00213116
0.00140269
0.00134915
0.00199872
0.00214923
0.00218979
0.00257299
0.00146297
0.00170264
0.00200737
0.00269402
0.00255918
0.0021278
0.00447332
0.00209376
0.00645771
0.00384793
0.00465677
0.00535708
0.00323139
0.00346129
0.00625529
0.00392403
0.00250541
0.00648942
0.00529241
0.00280304
0.0056156
0.00294431
0.00673637
0.0057353
0.00387825
0.00192836
0.00264547
0.00410575
0.00134244
0.00297811
0.00577618
0.00219351
0.00377827
0.00365997
0.00289304
0.00649013
0.00731603
0.00176592
0.00414792
0.00427548
0.0044372
0.0019755
0.00557343
0.00165839
0.00337491
0.0018685
0.00480294
0.00233904
0.00571526
0.00850804
0.00568302
0.00444025
0.00297076
0.00569565
0.00226892
0.00523098
0.00399772
0.00179479
0.00298902
0.00530177
0.00132887
0.00418132
0.00216168
0.00432861
0.00418729
0.00576997
0.00616192
0.00561916
0.00512447
0.00168995
0.00586054
0.00505958
0.00349739
0.00406994
0.00383751
0.00825205
0.00696831
0.00387259
0.00501734
0.00467558
0.00234958
0.00301828
0.00164602
0.00232259
0.00518695
0.00110386
0.00327127
0.00331766
0.00410949
0.00470886
0.00358907
0.00475804
0.0052342
0.00327893
0.00291538
0.0054871
0.00253846
0.00464361
0.00577546
0.00549822
0.00320011
0.00448974
0.00418868
0.0049494
0.00451219
0.00385316
0.00993117
0.0104079
0.00879251
0.00482952
0.00708159
0.00836547
0.00798025
0.00612137
0.0080768
0.00354195
0.00574367
0.00835128
0.00641759
0.00411637
0.00564059
0.00710291
0.0114101
0.00481192
0.0116307
0.00263936
0.00941169
0.0111785
0.00577812
0.00714092
0.0103462
0.00688315
0.00754473
0.0103033
0.00441383
0.00804868
0.00831027
0.00945725
0.00433396
0.0160522
0.0133497
0.00732294
0.00628146
0.0106683
0.0077636
0.00361764
0.00430133
0.0116789
0.00679814
0.0096292
0.0100661
0.013798
0.00915224
0.00908246
0.00767698
0.0106642
0.008954
0.00520554
0.00331157
0.0146789
0.00999362
0.0114346
0.00824665
0.00609092
0.00906439
0.00506262
0.00695009
0.00977621
0.00533754
0.0093527
0.00497261
0.0100469
0.00420557
0.00505348
0.00486313
0.00830271
0.00991501
0.00315532
0.0075318
0.00823625
0.0090002
0.00881147
0.0108819
0.00569774
0.00446559
0.00265287
0.0038853
0.00785664
0.00456525
0.00772473
0.0161387
0.00436097
0.0103826
0.00971263
0.00520696
0.00953228
0.0100888
0.00407565
0.0078884
0.00693077
0.00760318
0.00808553
0.00373954
0.0127325
0.00517988
0.00731565
0.0122868
0.0250236
0.0150919
0.0255357
0.0156945
0.0177214
0.00692074
0.0159444
0.0100383
0.0222826
0.0131218
0.0158347
0.0109915
0.00927441
0.024791
0.0117847
0.0123095
0.0288429
0.00647702
0.0421833
0.0110627
0.0122306
0.0140216
0.0127378
0.00998037
0.00860146
0.0182595
0.0127125
0.00811074
0.0191846
0.00849971
0.0183217
0.00745066
0.0202195
0.0123643
0.0171234
0.00996098
0.0189829
0.0207538
0.0147625
0.0230453
0.00956057
0.0242926
0.00514152
0.0127245
0.0112906
0.00747364
0.0138263
0.00643617
0.0131615
0.0141349
0.0229721
0.0120264
0.019671
0.0166363
0.0160693
0.0124173
0.0118677
0.00839374
0.0222547
0.0196702
0.00892572
0.00695884
0.0134469
0.0080866
0.00734845
0.0143279
0.00998105
0.0114273
0.0137944
0.0128872
0.0184594
0.00764034
0.014546
0.0121121
0.015101
0.0151208
0.00865522
0.0134122
0.00896298
0.0109508
0.0143179
0.0107827
0.0166869
0.019909
0.0140351
0.0181864
0.0151116
0.00583898
0.00734385
0.0180238
0.0170583
0.0129529
0.00578099
0.0146503
0.018351
0.0137296
0.0151227
0.0110016
0.0154061
0.0230016
0.044958
0.0208761
0.0206233
0.0274432
0.0361571
0.0133643
0.0430046
0.0246267
0.0301669
0.0260282
0.0265009
0.0197288
0.0140386
0.0190957
0.0341861
0.03632
0.013193
0.0104401
0.0121972
0.0225301
0.0329557
0.0146745
0.0247658
0.0275506
0.0191567
0.0192451
0.0177505
0.0450504
0.0237517
0.0191582
0.0174913
0.0220085
0.0185399
0.0104482
0.0224152
0.044665
0.0139903
0.0255128
0.0158913
0.0352754
0.0292693
0.02468
0.0113572
0.0299471
0.0279894
0.0186362
0.0266027
0.0262393
0.020936
0.0225198
0.0358777
0.0160245
0.0341965
0.0241992
0.0338832
0.0521518
0.0215574
0.025683
0.0292349
0.0136976
0.0383745
0.0231848
0.0153649
0.0200166
0.043845
0.0185826
0.0180195
0.0168485
0.0242067
0.0220627
0.0331053
0.0623058
0.0180808
0.0129453
0.0245657
0.0257908
0.0260636
0.0126425
0.0246203
0.0225228
0.0306069
0.0159534
0.0115782
0.0397319
0.0244622
0.0229449
0.0273253
0.0186281
0.0182236
0.0369742
0.0165508
0.0151363
0.0264187
0.0273415
0.0305046
0.0168691
0.0280296
0.015148
0.0241489
0.037022
0.0345245
0.0423149
0.0193671
0.0563997
0.0500083
0.0565616
0.0427897
0.0371383
0.0435652
0.0202938
0.0291862
0.0764755
0.0305414
0.0490855
0.0347241
0.0467614
0.0544529
0.0573593
0.0652426
0.071152
0.0486461
0.0342501
0.02425
0.0661
0.0357863
0.0410355
0.0587858
0.0537286
0.044913
0.0458628
0.0520714
0.0580842
0.0265088
0.0439961
0.0248886
0.0329364
0.0432213
0.0174947
0.0511929
0.0681858
0.070967
0.033639
0.046449
0.0263541
0.0196907
0.045775
0.0565485
0.0415691
0.04835
0.0408708
0.020889
0.0480798
0.0461898
0.0403544
0.0480138
0.0355507
0.0587044
0.0473267
0.0820017
0.0305641
0.0339874
0.0273083
0.0177896
0.0422916
0.067567
0.0382056
0.0365188
0.0872372
0.0365125
0.0357725
0.0333807
0.0452748
0.0379792
0.0323508
0.0384736
0.0240991
0.10293
0.0280398
0.0600543
0.0134527
0.0470872
0.0373044
0.0511504
0.0219104
0.0393817
0.0531795
0.0726064
0.0153225
0.039683
0.046398
0.0351068
0.0433865
0.0400901
0.0260626
0.0608016
0.0631506
0.0482199
0.0764621
0.0321517
0.0677495
0.0454359
0.0716376
0.126143
0.0664199
0.142609
0.120924
0.0604968
0.0990876
0.102982
0.0561957
0.0786022
0.0498391
0.076774
0.0876184
0.0678984
0.114628
0.131538
0.048173
0.0828332
0.168553
0.111815
0.0975878
0.0830754
0.0727674
0.0714909
0.0373646
0.0552093
0.0779017
0.0530211
0.0736101
0.0586801
0.112912
0.117192
0.151466
0.0856272
0.0509407
0.105896
0.0171355
0.111152
0.102766
0.0656589
0.102472
0.0803578
0.0551436
0.0800575
0.110283
0.0853442
0.0768261
0.132575
0.0341626
0.0465923
0.0762316
0.0695803
0.0827892
0.0735876
0.0649755
0.0670129
0.0689197
0.05193
0.0401539
0.0574184
0.0832373
0.088334
0.0999803
0.0571592
0.0585125
0.0546492
0.0434268
0.0735076
0.0785935
0.153341
0.0893278
0.0778481
0.0850041
0.0919745
0.0448943
0.0535837
0.108549
0.0767889
0.0712384
0.0604789
0.0578375
0.0356779
0.142769
0.0890461
0.0464204
0.0738038
0.0439743
0.0702875
0.0989806
0.051506
0.0371304
0.0599965
0.0739855
0.0730524
0.0812741
0.0893975
0.116579
0.0702108
0.156061
0.0793111
0.071439
0.335427
0.217655
0.117988
0.245835
0.207351
0.0974903
0.127022
0.12338
0.144617
0.12465
0.173307
0.180138
0.133491
0.131289
0.0700611
0.104118
0.116445
0.16114
0.161514
0.117578
0.102645
0.124117
0.193062
0.0642085
0.111992
0.0836126
0.0777041
0.210409
0.160821
0.216114
0.241066
0.097542
0.202654
0.100462
0.143715
0.0694847
0.148358
0.115458
0.0887373
0.161735
0.0750027
0.231888
0.119378
0.131795
0.101901
0.184012
0.0892443
0.0972354
0.129356
0.193741
0.16295
0.112342
0.11373
0.0547171
0.214287
0.150525
0.16878
0.0899209
0.16525
0.225099
0.075464
0.243192
0.0594586
0.145889
0.160995
0.121248
0.0787401
0.0912061
0.179508
0.185615
0.284333
0.108901
0.221935
0.174511
0.145515
0.0734977
0.0642461
0.21569
0.179114
0.127971
0.0642556
0.120802
0.0936673
0.158052
0.19415
0.341248
0.0407514
0.140391
0.185348
0.0444439
0.127017
0.127729
0.203674
0.166819
0.101471
0.212646
0.106707
0.275529
0.444201
0.252042
0.232334
0.308695
0.242038
0.186424
0.19651
0.213341
0.207379
0.277237
0.222467
0.186007
0.575351
0.259229
0.203889
0.334423
0.246462
0.175985
0.288694
0.111328
0.162004
0.343356
0.152815
0.371879
0.169238
0.355991
0.21819
0.149277
0.122223
0.212851
0.224868
0.237882
0.2126
0.189831
0.218845
0.215385
0.164545
0.225661
0.45879
0.17238
0.168123
0.366246
0.13572
0.296565
0.227699
0.414368
0.422683
0.301491
0.167836
0.216152
0.317677
0.312037
0.178697
0.120168
0.304523
0.221581
0.228695
0.199402
0.324132
0.146395
0.231545
0.293022
0.212637
0.208342
0.135906
0.252874
0.219859
0.223689
0.116326
0.221511
0.113501
0.161586
0.172203
0.306584
0.364613
0.268379
0.192417
0.493441
0.291739
0.214768
0.18078
0.256139
0.179915
0.239227
0.22461
0.304733
0.249616
0.291372
0.178637
0.135395
0.22136
0.2941
0.357612
0.357603
0.0949744
0.419747
0.144614
0.168782
0.178138
0.301973
0.689846
0.564225
0.454552
0.622501
0.478087
0.758413
0.355028
0.353752
0.473699
0.274678
0.8048
0.510675
0.251529
0.520636
0.591421
0.415643
0.584334
0.823997
0.261142
0.358865
0.458063
0.412625
0.417574
0.525337
0.34038
0.492714
0.580469
0.487288
0.472392
0.124426
0.445191
0.686652
0.293382
0.374912
0.51736
0.524379
0.831675
0.462398
0.270247
0.744781
0.783726
0.509346
0.355982
0.498825
0.238417
0.37181
0.555737
0.20516
0.398188
0.324041
0.479324
0.287755
0.438822
0.697851
0.31881
0.40379
0.264443
0.416548
0.391579
0.469568
0.380628
0.211978
0.941344
0.346243
0.579019
0.440233
0.274785
0.237893
0.48554
0.521248
0.537751
0.213925
0.43525
0.311188
0.324609
0.525979
0.250059
0.596437
0.526161
0.641901
0.275256
0.461323
0.475177
0.215053
0.458779
0.692609
0.580911
0.305356
0.761614
0.594517
0.485036
0.514374
0.396909
0.588026
0.593134
0.229256
0.674518
0.525107
0.505805
0.312884
1.53839
0.410076
0.93956
0.51246
0.868605
0.766786
0.357733
0.753244
0.89127
0.619771
1.3333
0.936008
0.257042
1.0596
0.855184
0.500156
0.582751
0.396971
0.711472
0.464258
0.9754
0.78727
0.5241
0.974218
0.374286
0.497932
0.387839
0.961754
0.320595
0.535002
0.566256
0.29509
0.842773
0.883645
0.883444
0.837574
0.539775
0.850775
0.638243
0.99146
0.811941
0.43079
0.77745
1.08628
0.563977
0.834656
0.564261
0.822269
0.606491
0.723624
0.557528
0.371993
1.16452
0.382327
0.850603
1.04843
0.749186
0.946199
0.147333
0.543167
0.795706
0.920525
1.24626
0.737408
0.636295
0.677113
1.43412
1.48691
1.06225
0.177331
0.549826
0.46151
0.671833
0.873652
0.500375
0.868801
0.584197
0.791275
0.741357
2.08073
0.733014
0.755751
1.40089
0.976482
0.946584
0.683688
0.609311
0.449433
0.757472
0.371315
0.958794
1.47135
0.815249
0.773003
0.447478
0.62947
1.02898
0.594986
0.934091
1.41572
0.747979
0.863276
0.794111
1.16247
0.755536
1.57662
1.00303
1.65538
0.971341
0.925135
1.66916
1.17034
1.28584
1.28869
1.27936
1.53075
1.30217
1.24887
1.08535
1.95691
1.09558
3.66655
0.658472
2.00552
0.67753
2.06288
0.934129
2.29207
0.495234
1.31608
1.0175
0.842672
0.979909
1.3859
1.70233
1.69357
2.44628
1.62826
1.68227
1.20462
0.632688
2.09392
1.52798
1.73229
0.252538
1.7634
1.01315
2.10885
1.11269
1.05441
1.40113
1.07619
1.23537
0.584181
1.32644
1.98727
1.92572
1.40621
0.605862
1.10096
1.71737
1.03134
1.20426
1.31177
0.879386
2.08654
1.10382
2.28527
1.33803
1.14424
0.594692
0.834944
2.00202
3.05028
1.70512
1.19121
2.22649
0.954839
1.12879
2.06187
0.491303
0.212714
2.13771
2.42583
2.04477
0.948824
1.88296
0.838536
0.933145
0.62311
1.59671
1.41845
1.60811
1.11023
0.736957
1.27611
1.7098
1.27307
0.624784
