5.054e-06
2.175e-05
3.049e-06
2.929e-06
2.844e-06
2.852e-06
2.844e-06
2.843e-06
2.815e-06
2.836e-06
1.5974e-05
2.86e-06
2.846e-06
2.876e-06
2.89e-06
2.888e-06
2.861e-06
2.823e-06
2.833e-06
2.834e-06
2.811e-06
2.854e-06
2.862e-06
2.85e-06
2.838e-06
2.775e-06
2.848e-06
2.883e-06
2.83e-06
2.848e-06
2.855e-06
2.846e-06
2.872e-06
2.821e-06
2.863e-06
2.83e-06
2.874e-06
2.845e-06
2.835e-06
2.881e-06
2.846e-06
2.862e-06
2.857e-06
2.862e-06
2.839e-06
2.86e-06
2.837e-06
2.853e-06
2.853e-06
2.852e-06
2.852e-06
2.844e-06
2.87e-06
2.826e-06
2.843e-06
2.791e-06
2.854e-06
2.843e-06
2.848e-06
2.846e-06
2.869e-06
2.851e-06
2.859e-06
2.844e-06
2.847e-06
2.844e-06
2.876e-06
2.854e-06
2.794e-06
2.827e-06
2.844e-06
2.86e-06
2.813e-06
2.848e-06
2.787e-06
2.87e-06
2.847e-06
2.813e-06
2.841e-06
2.859e-06
2.819e-06
2.883e-06
2.829e-06
2.857e-06
2.831e-06
2.825e-06
2.874e-06
2.853e-06
2.889e-06
2.854e-06
2.837e-06
2.829e-06
2.849e-06
2.811e-06
2.828e-06
2.85e-06
2.879e-06
2.826e-06
2.837e-06
2.815e-06
7.242e-06
7.017e-06
6.72e-06
6.97e-06
2.0064e-05
6.445e-06
6.964e-06
6.742e-06
1.9871e-05
6.74e-06
6.742e-06
6.921e-06
6.879e-06
6.814e-06
6.803e-06
6.708e-06
6.668e-06
6.645e-06
6.729e-06
6.595e-06
6.855e-06
6.68e-06
6.698e-06
6.834e-06
6.616e-06
6.814e-06
6.715e-06
6.656e-06
6.94e-06
6.684e-06
6.801e-06
6.772e-06
6.789e-06
6.692e-06
6.585e-06
6.746e-06
6.677e-06
6.642e-06
6.843e-06
6.595e-06
6.688e-06
6.651e-06
6.812e-06
6.456e-06
6.875e-06
6.616e-06
6.874e-06
6.762e-06
6.765e-06
6.776e-06
6.596e-06
6.746e-06
6.713e-06
6.719e-06
6.753e-06
6.655e-06
6.74e-06
6.754e-06
3.4668e-05
2.5856e-05
2.2575e-05
2.0047e-05
6.805e-06
6.559e-06
6.609e-06
6.631e-06
6.56e-06
6.614e-06
6.748e-06
6.899e-06
6.688e-06
6.761e-06
6.597e-06
6.695e-06
6.589e-06
6.631e-06
6.601e-06
6.885e-06
6.501e-06
6.533e-06
6.707e-06
6.754e-06
6.531e-06
6.721e-06
6.794e-06
6.721e-06
6.709e-06
6.701e-06
6.495e-06
6.698e-06
6.98e-06
6.718e-06
6.779e-06
6.641e-06
6.681e-06
6.879e-06
6.699e-06
6.858e-06
6.717e-06
6.725e-06
1.2128e-05
1.1719e-05
1.1602e-05
1.1466e-05
1.1763e-05
1.1558e-05
1.1725e-05
1.1443e-05
1.1475e-05
1.1464e-05
1.1705e-05
1.1488e-05
1.1362e-05
1.1723e-05
1.1387e-05
1.1605e-05
1.1845e-05
1.1492e-05
1.1714e-05
1.1732e-05
1.1821e-05
1.1578e-05
1.1519e-05
1.1691e-05
1.163e-05
1.1431e-05
1.1531e-05
1.148e-05
1.1486e-05
1.1174e-05
1.1074e-05
1.1223e-05
1.1746e-05
1.1669e-05
1.1427e-05
1.1704e-05
1.1496e-05
1.1454e-05
1.1432e-05
1.1684e-05
1.1656e-05
1.139e-05
1.1637e-05
1.1342e-05
1.1129e-05
1.1779e-05
1.1059e-05
1.1895e-05
1.1535e-05
1.1635e-05
1.1632e-05
1.1383e-05
1.1369e-05
1.1669e-05
1.1682e-05
1.1474e-05
1.1373e-05
1.1713e-05
1.1636e-05
1.1685e-05
1.1553e-05
1.1718e-05
1.1614e-05
1.1683e-05
1.146e-05
1.1536e-05
1.1634e-05
1.1508e-05
1.1739e-05
1.1697e-05
1.1311e-05
1.1505e-05
1.1356e-05
1.1527e-05
1.1563e-05
1.1524e-05
1.1544e-05
1.1551e-05
1.1685e-05
1.1552e-05
1.1457e-05
1.1588e-05
1.1404e-05
1.1666e-05
1.1485e-05
1.1499e-05
1.1402e-05
1.1653e-05
1.1223e-05
1.164e-05
1.1516e-05
1.1528e-05
1.1402e-05
1.1583e-05
1.1684e-05
1.1518e-05
1.1503e-05
1.1493e-05
1.1643e-05
1.1559e-05
1.7957e-05
1.8084e-05
1.8041e-05
1.7916e-05
1.7772e-05
1.7663e-05
1.7979e-05
1.7709e-05
1.7632e-05
1.7839e-05
1.7833e-05
1.7764e-05
1.7574e-05
1.7162e-05
1.7627e-05
1.7808e-05
1.7127e-05
1.8042e-05
1.777e-05
1.7385e-05
1.7354e-05
1.7935e-05
1.7169e-05
1.7724e-05
1.7268e-05
1.7878e-05
1.7811e-05
1.7313e-05
1.7632e-05
1.7814e-05
1.7763e-05
1.7708e-05
1.7887e-05
1.7571e-05
1.7665e-05
1.7281e-05
1.8025e-05
1.8023e-05
1.7914e-05
1.7579e-05
1.8069e-05
1.767e-05
1.7642e-05
1.7735e-05
1.7684e-05
1.763e-05
1.7674e-05
1.7537e-05
1.7611e-05
1.7533e-05
1.7585e-05
1.7715e-05
1.7464e-05
1.7665e-05
1.7411e-05
1.7555e-05
1.7576e-05
1.7928e-05
1.7921e-05
1.7987e-05
1.7921e-05
1.7966e-05
1.7753e-05
1.7811e-05
1.7532e-05
1.8025e-05
1.748e-05
1.7438e-05
1.8036e-05
1.7787e-05
1.7712e-05
1.7505e-05
1.7583e-05
1.7522e-05
1.7909e-05
1.7811e-05
1.7471e-05
1.7705e-05
1.799e-05
1.7868e-05
1.7992e-05
1.7791e-05
1.7764e-05
1.7925e-05
1.7394e-05
1.7748e-05
1.7617e-05
4.0568e-05
3.4941e-05
1.7988e-05
1.7429e-05
1.7842e-05
1.7545e-05
1.7524e-05
1.7647e-05
1.7901e-05
1.7876e-05
1.7519e-05
1.8013e-05
1.7738e-05
2.5449e-05
2.5226e-05
2.5009e-05
2.4495e-05
2.5553e-05
2.4801e-05
2.4981e-05
2.4417e-05
2.5301e-05
2.5031e-05
2.5021e-05
2.5275e-05
2.4977e-05
2.5192e-05
2.5168e-05
2.5461e-05
2.5214e-05
2.4916e-05
2.5015e-05
2.4698e-05
2.5532e-05
2.4668e-05
2.5186e-05
2.5689e-05
2.5077e-05
2.4455e-05
2.4696e-05
2.5132e-05
2.4976e-05
2.4624e-05
2.5053e-05
2.4995e-05
2.5301e-05
2.5472e-05
2.547e-05
2.5029e-05
2.5039e-05
2.4731e-05
2.4511e-05
2.4921e-05
2.5009e-05
2.4834e-05
2.4948e-05
2.5141e-05
2.4774e-05
2.4944e-05
2.4701e-05
2.5182e-05
2.4409e-05
2.4893e-05
2.4749e-05
2.5027e-05
2.5003e-05
2.5269e-05
2.5023e-05
2.4936e-05
2.5193e-05
2.496e-05
2.508e-05
2.526e-05
2.491e-05
2.5568e-05
2.5479e-05
2.4762e-05
2.4968e-05
2.5766e-05
2.5289e-05
2.5205e-05
2.5366e-05
2.5263e-05
2.5263e-05
2.5501e-05
2.5379e-05
2.5024e-05
2.4644e-05
2.5489e-05
2.4966e-05
2.4921e-05
2.5394e-05
2.4778e-05
2.5236e-05
2.5152e-05
2.5181e-05
2.5099e-05
2.5146e-05
2.4414e-05
2.5155e-05
2.4815e-05
2.5474e-05
2.4981e-05
2.5529e-05
2.4687e-05
2.5403e-05
2.5313e-05
2.4998e-05
2.4678e-05
2.5129e-05
2.5027e-05
2.5402e-05
2.5058e-05
3.3978e-05
3.3374e-05
4.716e-05
3.3454e-05
5.4105e-05
6.3696e-05
5.2953e-05
3.6173e-05
5.6682e-05
5.3905e-05
4.7826e-05
4.8614e-05
5.7508e-05
4.8803e-05
6.0399e-05
6.0881e-05
6.0105e-05
3.3371e-05
3.3929e-05
4.6359e-05
4.6831e-05
3.4449e-05
4.6903e-05
4.7336e-05
3.393e-05
3.3978e-05
3.417e-05
3.4259e-05
4.6675e-05
3.3863e-05
4.6942e-05
3.3816e-05
3.4598e-05
3.418e-05
3.4089e-05
4.6521e-05
4.7631e-05
3.4142e-05
3.3745e-05
3.3716e-05
3.3536e-05
4.701e-05
3.2886e-05
4.7503e-05
5.9916e-05
6.0142e-05
3.3549e-05
3.3537e-05
3.4244e-05
4.6213e-05
3.4381e-05
4.6622e-05
3.3702e-05
4.7527e-05
4.7339e-05
3.3721e-05
3.3897e-05
3.391e-05
3.3628e-05
4.6808e-05
4.6636e-05
3.3939e-05
3.3696e-05
3.3549e-05
3.4066e-05
6.0135e-05
3.3671e-05
3.2405e-05
4.6873e-05
4.7421e-05
3.4176e-05
3.3704e-05
3.2906e-05
3.393e-05
3.3336e-05
4.7168e-05
4.7543e-05
3.337e-05
3.2903e-05
3.3365e-05
3.3362e-05
6.093e-05
3.3005e-05
3.3827e-05
4.7036e-05
4.6962e-05
3.3873e-05
3.3659e-05
3.3819e-05
3.3992e-05
4.7296e-05
4.6472e-05
3.3632e-05
4.7487e-05
4.6631e-05
3.3671e-05
3.3965e-05
3.2891e-05
3.4238e-05
5.5578e-05
7.0271e-05
4.3643e-05
4.4162e-05
5.7688e-05
7.085e-05
4.3102e-05
5.6458e-05
5.681e-05
4.3117e-05
4.3904e-05
4.3347e-05
4.4198e-05
7.005e-05
4.3711e-05
5.6934e-05
4.3976e-05
4.3635e-05
4.3175e-05
4.4028e-05
4.4349e-05
4.2302e-05
4.3024e-05
4.3597e-05
4.3344e-05
4.4088e-05
4.2968e-05
4.4223e-05
4.3218e-05
4.3349e-05
4.3239e-05
4.2613e-05
4.371e-05
4.3278e-05
4.3864e-05
4.3206e-05
4.3975e-05
4.3078e-05
4.3382e-05
4.4202e-05
4.3477e-05
4.2929e-05
4.4401e-05
4.3748e-05
4.3784e-05
4.3584e-05
4.4255e-05
4.3971e-05
4.4644e-05
4.3964e-05
4.3102e-05
4.3559e-05
4.3774e-05
4.1704e-05
4.4318e-05
4.3645e-05
4.4276e-05
4.4471e-05
4.3137e-05
4.35e-05
4.3825e-05
4.3484e-05
4.3641e-05
4.3146e-05
4.315e-05
4.3803e-05
4.3974e-05
4.4031e-05
4.3836e-05
4.439e-05
4.3558e-05
4.4534e-05
4.4195e-05
4.4101e-05
4.3875e-05
4.431e-05
4.3456e-05
4.4388e-05
9.195e-05
4.3427e-05
4.4241e-05
4.4201e-05
4.4375e-05
4.4492e-05
4.4103e-05
4.3679e-05
4.4359e-05
4.3689e-05
4.3672e-05
4.375e-05
4.3833e-05
4.3722e-05
4.3623e-05
4.3896e-05
4.2456e-05
4.3812e-05
4.3864e-05
4.3581e-05
4.3875e-05
4.3643e-05
4.3015e-05
5.4999e-05
5.6354e-05
5.458e-05
5.4369e-05
5.4293e-05
5.3814e-05
5.5848e-05
5.5165e-05
5.606e-05
5.4333e-05
5.515e-05
5.4966e-05
5.5275e-05
5.6179e-05
5.5156e-05
7.2323e-05
7.0028e-05
6.7733e-05
5.4987e-05
5.5017e-05
5.5766e-05
5.5278e-05
5.4539e-05
5.4373e-05
5.605e-05
5.5071e-05
5.5207e-05
5.5052e-05
5.4202e-05
5.4297e-05
5.5555e-05
5.4367e-05
5.5061e-05
5.5699e-05
5.5284e-05
5.4616e-05
5.5665e-05
5.5914e-05
5.5264e-05
5.5225e-05
5.472e-05
5.4851e-05
5.5374e-05
5.5707e-05
5.5492e-05
0.00010653
5.4767e-05
5.5077e-05
5.5604e-05
5.495e-05
5.5334e-05
5.4798e-05
5.4192e-05
5.37e-05
5.4347e-05
5.4953e-05
5.5242e-05
5.4494e-05
5.5486e-05
5.3845e-05
5.4344e-05
5.4372e-05
5.5795e-05
5.5339e-05
5.5955e-05
5.4966e-05
5.4081e-05
5.571e-05
5.5063e-05
5.567e-05
5.445e-05
5.3889e-05
5.5903e-05
5.5233e-05
5.5395e-05
5.4497e-05
5.4684e-05
5.5119e-05
5.4394e-05
5.5687e-05
5.5493e-05
5.4755e-05
5.5797e-05
5.509e-05
5.4753e-05
5.5318e-05
5.4681e-05
5.4664e-05
5.571e-05
5.4223e-05
5.4904e-05
6.641e-05
6.8703e-05
6.1563e-05
5.4391e-05
5.5489e-05
5.4941e-05
5.4872e-05
9.6342e-05
7.3415e-05
6.5707e-05
6.7614e-05
6.9106e-05
6.7286e-05
6.8672e-05
6.8008e-05
0.000129437
6.7819e-05
6.6728e-05
6.7371e-05
6.7005e-05
6.8209e-05
8.9656e-05
0.0001075
0.000102744
6.7644e-05
6.9748e-05
6.9302e-05
6.9688e-05
0.000107783
0.000105034
0.000126073
0.000148092
0.000103345
6.8468e-05
7.0052e-05
7.0209e-05
7.2039e-05
6.8721e-05
7.4352e-05
7.0987e-05
7.0322e-05
7.0568e-05
7.1802e-05
7.0524e-05
6.9525e-05
6.7438e-05
6.7603e-05
6.6409e-05
6.8201e-05
6.763e-05
6.7602e-05
6.8004e-05
8.7932e-05
0.000105375
8.4122e-05
6.6953e-05
6.8655e-05
6.7863e-05
6.7812e-05
6.8729e-05
9.5094e-05
8.1378e-05
6.7947e-05
6.9056e-05
6.8165e-05
6.6994e-05
6.6717e-05
6.7355e-05
6.8949e-05
6.8235e-05
0.000101069
8.469e-05
6.6981e-05
6.666e-05
6.7114e-05
6.7224e-05
6.7188e-05
6.7847e-05
6.7317e-05
6.6854e-05
6.6883e-05
6.742e-05
6.7091e-05
6.8297e-05
6.6352e-05
6.8485e-05
6.8394e-05
6.7279e-05
6.7965e-05
6.8651e-05
6.6836e-05
6.7597e-05
6.7062e-05
6.7232e-05
6.8195e-05
6.7695e-05
6.7994e-05
6.864e-05
6.699e-05
6.7699e-05
6.6745e-05
6.7236e-05
6.8796e-05
6.7708e-05
6.745e-05
6.831e-05
6.6203e-05
6.7606e-05
6.7619e-05
8.0699e-05
8.1217e-05
8.0637e-05
0.000144905
8.165e-05
8.2865e-05
8.0641e-05
8.2108e-05
8.094e-05
8.1912e-05
8.2084e-05
8.1547e-05
9.3531e-05
8.0605e-05
8.202e-05
8.1165e-05
8.1301e-05
0.00010736
8.1237e-05
0.000107235
8.3322e-05
0.000106022
7.9279e-05
8.2209e-05
0.000107777
8.2333e-05
9.5117e-05
8.1631e-05
0.000107209
8.1474e-05
0.000108409
8.1223e-05
8.1607e-05
0.00010803
8.1966e-05
0.000106766
8.1699e-05
8.254e-05
8.2221e-05
8.1107e-05
8.1289e-05
8.0639e-05
9.4848e-05
9.4733e-05
0.000116237
8.0961e-05
8.1156e-05
0.000108916
9.1228e-05
9.0455e-05
9.0333e-05
8.3211e-05
8.2996e-05
8.2064e-05
8.1071e-05
8.1868e-05
8.0687e-05
9.6264e-05
8.0644e-05
0.000106284
7.9635e-05
0.000107805
8.2497e-05
8.0668e-05
8.1724e-05
8.2738e-05
8.2354e-05
0.000129376
9.4577e-05
8.3101e-05
8.0916e-05
8.2883e-05
7.9894e-05
8.0344e-05
8.1876e-05
9.5408e-05
8.2467e-05
8.3036e-05
8.1839e-05
8.2272e-05
8.2095e-05
8.0861e-05
0.0001087
8.3009e-05
8.2894e-05
0.000101487
9.7682e-05
0.000108204
7.992e-05
0.000107728
8.1326e-05
0.0001069
8.2214e-05
9.3636e-05
9.6803e-05
8.0311e-05
0.000108291
8.0781e-05
0.000106531
8.1555e-05
9.7691e-05
9.7752e-05
0.000122525
0.000110401
9.9354e-05
0.000124707
0.000122806
0.000124215
9.6478e-05
9.5722e-05
0.000125575
0.000123926
9.8583e-05
0.000124151
0.000121972
0.000111738
9.6236e-05
9.5588e-05
9.796e-05
9.6617e-05
9.7637e-05
0.000134011
9.7298e-05
9.6207e-05
9.5178e-05
9.7597e-05
9.622e-05
0.000122696
0.000109129
9.8083e-05
0.000125058
0.000124336
0.000122938
0.000151156
0.000107624
0.000124422
0.000110445
9.5687e-05
0.000123636
0.000124938
0.000123425
9.6219e-05
9.6047e-05
0.00012374
0.000125249
0.000104866
9.4151e-05
9.6664e-05
9.8314e-05
0.000124548
9.612e-05
9.8559e-05
0.000122897
0.000120293
0.000100374
0.000124324
0.000125962
0.000124921
0.00012514
0.000118919
0.000123449
9.8207e-05
9.727e-05
9.8096e-05
9.5023e-05
9.8111e-05
9.8486e-05
0.000123218
0.000124565
0.000124432
9.7734e-05
0.000122663
0.000123838
0.000119662
0.000122801
0.00010629
9.62e-05
9.5169e-05
9.8767e-05
9.7995e-05
9.6679e-05
0.000123517
0.000120684
0.000122893
0.000124066
0.000123337
0.000123537
9.8497e-05
0.000123328
0.000133224
0.000105583
9.806e-05
9.696e-05
0.000124836
0.00011315
0.000138121
9.7486e-05
0.000122516
0.000118438
0.000104172
0.00011354
0.000120966
0.000114131
0.00011479
0.000118417
0.000110627
0.000116028
0.000123645
0.000110757
0.000140117
0.000120607
0.000121236
0.000138758
0.00014096
0.000113476
0.00011568
0.000112796
0.000128462
0.000116336
0.000122448
0.000122266
0.000111717
0.00011479
0.000115837
0.000112843
0.00011349
0.000115006
0.000114578
0.000115292
0.000121497
0.00012648
0.000113939
0.000172395
0.000125449
0.000115186
0.000112767
0.00011477
0.000138748
0.000121742
0.000114936
0.000115124
0.000115289
0.000114484
0.000112157
0.000113847
0.000140659
0.000113233
0.000121964
0.000115505
0.000115467
0.00011111
0.000115112
0.000112211
0.000113436
0.000139474
0.000114653
0.000121324
0.000113219
0.000114491
0.000114347
0.000113578
0.000112564
0.000114183
0.000126476
0.000112651
0.00012223
0.000113489
0.000113697
0.000113343
0.000141458
0.000114935
0.000113903
0.000115653
0.000115083
0.000120564
0.000112129
0.000115028
0.00014024
0.000114954
0.000116134
0.000116882
0.000114277
0.000114818
0.000120898
0.000136021
0.000111802
0.000114172
0.000141059
0.000113687
0.000117049
0.000111527
0.000112727
0.00011275
0.000121766
0.000137825
0.000116425
0.000115398
0.000113613
0.000114498
0.000112444
0.000133321
0.000131253
0.000140044
0.00013762
0.000139725
0.000130672
0.000131504
0.000137737
0.000130323
0.000132675
0.000134619
0.00013781
0.000152428
0.00013934
0.000140016
0.000159037
0.000130761
0.000157686
0.000131706
0.000126322
0.000136843
0.000130524
0.000155176
0.000156088
0.000136336
0.000140225
0.00015997
0.000132963
0.000130716
0.000138428
0.000133164
0.000130694
0.000153042
0.000139766
0.000154447
0.000139835
0.000129544
0.000132536
0.000137545
0.000130683
0.000131838
0.000150613
0.000139208
0.000142268
0.000136305
0.000131351
0.000132385
0.000158736
0.000132046
0.00016039
0.000131307
0.000138746
0.0001552
0.000137657
0.000153095
0.000132694
0.000161276
0.000130458
0.000132086
0.000130946
0.000155651
0.000155629
0.000139621
0.000153639
0.000139667
0.000132066
0.000130644
0.000132882
0.000134468
0.000137541
0.00018739
0.00015567
0.000138488
0.000140138
0.000131442
0.000138427
0.000159632
0.00013375
0.000131762
0.000168256
0.000135769
0.000152764
0.000138822
0.000157056
0.000133153
0.00013885
0.000130548
0.000130781
0.000132353
0.000139742
0.000152071
0.00013888
0.00013771
0.000132124
0.000131673
0.00013973
0.000133416
0.000133047
0.000137308
0.000133995
0.000156473
0.0001751
0.000174945
0.000156596
0.000156765
0.00015814
0.000152633
0.000155976
0.000158804
0.000155424
0.000174452
0.000173024
0.000173727
0.000158231
0.00015998
0.00017784
0.000157427
0.000172954
0.000156383
0.000173611
0.00017316
0.000156765
0.000158186
0.000155947
0.000174377
0.000157216
0.000159466
0.000156877
0.000171106
0.000169966
0.000158874
0.000160368
0.000158974
0.000176091
0.000159306
0.000160093
0.000176006
0.000170223
0.000174004
0.000157013
0.000157449
0.000170335
0.000154853
0.000150256
0.000180548
0.000179345
0.000150985
0.000173935
0.000152917
0.000149374
0.000153152
0.000152062
0.000153716
0.000150979
0.000155391
0.000168016
0.000176073
0.000151571
0.000163015
0.000153295
0.00015159
0.00014899
0.000153618
0.000151743
0.000146899
0.000176519
0.0001497
0.000153586
0.00016351
0.000179671
0.000152255
0.000149725
0.000151323
0.000151212
0.000181666
0.000203346
0.000174166
0.000151223
0.000150667
0.000164152
0.00015
0.000149514
0.00015123
0.000152782
0.000152102
0.000150262
0.000179057
0.000209502
0.000150724
0.0001497
0.000151341
0.000153084
0.000165273
0.000155606
0.000151573
0.000150237
0.000154941
0.000165762
0.000176185
0.0001527
0.00016742
0.000201704
0.00017528
0.000174948
0.000167379
0.000170623
0.00017061
0.000176409
0.000173329
0.000174037
0.000172199
0.000197317
0.000173352
0.000175868
0.000175882
0.000174118
0.00020132
0.000171093
0.00016919
0.000200372
0.000173392
0.000184514
0.000171372
0.000172724
0.000171531
0.000199131
0.000200868
0.000174104
0.000170068
0.000174469
0.000194714
0.00017424
0.000172184
0.000174546
0.00017454
0.000174596
0.000175546
0.000186428
0.000174833
0.000175181
0.000172047
0.000171088
0.000197658
0.000182292
0.000172978
0.000172361
0.000174678
0.000171738
0.000173511
0.000177109
0.000170207
0.000169569
0.000171471
0.000175572
0.000167674
0.000174072
0.000167906
0.000174281
0.000168616
0.000199996
0.000185669
0.000174117
0.000174051
0.000174987
0.000185574
0.000171348
0.000186895
0.000174082
0.000172768
0.000187789
0.000172533
0.000171966
0.000172652
0.000189012
0.000173961
0.00018656
0.000173026
0.00017539
0.000174517
0.000201032
0.000168967
0.000198763
0.000174308
0.00016847
0.000170583
0.000196752
0.000202943
0.000173642
0.00017625
0.000176562
0.000172884
0.000195599
0.000251427
0.000172222
0.000201111
0.00017302
0.000202811
0.000168444
0.000170917
0.000197828
0.000196624
0.000196915
0.0002183
0.000192157
0.000197096
0.000195441
0.000221556
0.000204429
0.00019511
0.000191524
0.000198939
0.000195464
0.000196701
0.000194134
0.000194005
0.000193848
0.000190832
0.000209663
0.000196528
0.000197737
0.000221758
0.000192654
0.000223541
0.000193435
0.000197528
0.000198732
0.000198719
0.000196657
0.000195117
0.000212507
0.000198137
0.000198108
0.000192848
0.000196993
0.00019781
0.000197371
0.000188611
0.000198533
0.000194874
0.000196161
0.000195424
0.000193311
0.000192486
0.000194152
0.000192268
0.000204538
0.000195278
0.000197315
0.000225284
0.000195037
0.000211324
0.000190423
0.000194329
0.000195793
0.000217724
0.000191096
0.000197476
0.000196118
0.000208673
0.000222302
0.000200243
0.000194744
0.000197264
0.000194567
0.000199225
0.00019277
0.000196848
0.000194052
0.00019455
0.000191387
0.000192986
0.000193464
0.000196894
0.000223395
0.000224037
0.000192099
0.00019327
0.000197717
0.000197257
0.000199043
0.000194934
0.00019418
0.00019468
0.000202086
0.000192606
0.000231142
0.000193279
0.000188453
0.000194989
0.000226308
0.000296096
0.000243756
0.000195478
0.000194666
0.000221957
0.000200974
0.000197434
0.000197475
0.000196633
0.00019377
0.000222032
0.000218991
0.000220876
0.000248318
0.000221204
0.000218287
0.000226066
0.000249105
0.000218391
0.000217466
0.000218557
0.00021321
0.000217137
0.00022091
0.000221621
0.000222527
0.000215076
0.000221389
0.000222538
0.000219266
0.000218079
0.000216939
0.000222622
0.000220938
0.000245601
0.000219195
0.000213004
0.000225111
0.000218665
0.000217882
0.000222026
0.000218427
0.000218142
0.000220546
0.000218853
0.000243674
0.00021857
0.000219975
0.000226823
0.00024828
0.000215089
0.000221772
0.000218284
0.000220442
0.000220024
0.000217074
0.000219992
0.000249452
0.000243352
0.000221752
0.00024707
0.000219426
0.000245318
0.000218767
0.000247954
0.000217048
0.000217818
0.000220587
0.000220078
0.000236148
0.000235532
0.000221359
0.000231161
0.000220515
0.000220219
0.000215844
0.000216108
0.000217296
0.000219329
0.000220616
0.000221078
0.000237479
0.000228869
0.000243142
0.000223025
0.000222406
0.000223345
0.000219786
0.000219742
0.000219895
0.000213142
0.000224383
0.00022334
0.000246729
0.000244838
0.000222293
0.000220717
0.000222696
0.000243847
0.000222116
0.000223935
0.000219965
0.000215656
0.000217788
0.000223611
0.000220274
0.000213811
0.000225251
0.000214823
0.000219447
0.000251146
0.000247368
0.000243375
0.00025314
0.000268045
0.000273128
0.000251289
0.000272958
0.000244839
0.000256564
0.000244909
0.000243843
0.000245796
0.000244027
0.000251449
0.000255728
0.000251018
0.000244514
0.000248425
0.00024565
0.000248467
0.000243633
0.000258721
0.000248848
0.00024572
0.000243989
0.000237531
0.000247875
0.000239988
0.000243333
0.000239964
0.000242851
0.000250058
0.000246947
0.00024668
0.000274483
0.000245015
0.000244381
0.000242882
0.000242653
0.000243083
0.000245158
0.000244763
0.000250607
0.000247639
0.000244866
0.000245279
0.000245258
0.000252115
0.000246032
0.00030199
0.000247018
0.000270094
0.000246368
0.000245618
0.000248032
0.000251354
0.000244236
0.000244852
0.000245776
0.000268311
0.000246932
0.000246182
0.000237159
0.000251962
0.000247464
0.00024647
0.000249428
0.000243583
0.000275929
0.000247193
0.000252192
0.0002489
0.000243552
0.000244762
0.000246948
0.000274828
0.000246623
0.000245447
0.00024999
0.000251456
0.000241327
0.000248409
0.000241733
0.000275218
0.000243804
0.000245767
0.000245191
0.000240076
0.000244582
0.000250279
0.000239527
0.000246578
0.000248189
0.000246939
0.000248873
0.000251755
0.000273038
0.000243546
0.000243648
0.000266894
0.000276972
0.000268833
0.000292047
0.000283704
0.000279035
0.000271622
0.00027145
0.00026782
0.000280298
0.00029021
0.000272452
0.000270893
0.000295358
0.00026922
0.000272135
0.000273669
0.000289972
0.000273059
0.0002775
0.000287064
0.000269515
0.000277615
0.000325514
0.000279195
0.000286241
0.000275003
0.000286691
0.000289231
0.000287913
0.000291503
0.0002787
0.000274142
0.000270365
0.000268056
0.000285043
0.000432034
0.000269768
0.000286791
0.000287751
0.000269382
0.000285779
0.000293028
0.000274944
0.000271862
0.000282118
0.000286896
0.000273972
0.000334123
0.000307266
0.000275766
0.000291439
0.000270452
0.000274021
0.000283058
0.0002903
0.00027736
0.000270722
0.000286442
0.000273107
0.000292699
0.00031698
0.000288479
0.000272452
0.000268482
0.000290247
0.000275337
0.000288186
0.000268017
0.000275654
0.000290036
0.000291896
0.000271458
0.000284346
0.000371186
0.000270388
0.000270567
0.000274297
0.000273703
0.000289174
0.000277868
0.000269509
0.000286614
0.000276187
0.000276279
0.000288644
0.000273151
0.000345936
0.000270981
0.000276496
0.000272377
0.000272148
0.000274173
0.000360636
0.00041326
0.000353568
0.000292542
0.000292607
0.000266007
0.000312505
0.000481298
0.0003336
0.000350082
0.000470947
0.000353895
0.000399834
0.000388253
0.000425301
0.000341938
0.000338892
0.000331163
0.000365204
0.000366522
0.000344681
0.000360748
0.000345358
0.000357224
0.000340092
0.000395069
0.000361177
0.000362683
0.000335172
0.000404153
0.000300571
0.000304359
0.000301621
0.000302215
0.000301136
0.000315318
0.000302871
0.000298227
0.000293899
0.000303342
0.000300455
0.00029744
0.000316635
0.000310176
0.000316139
0.000300892
0.000308417
0.000318562
0.000321569
0.000323885
0.000379408
0.00031881
0.000311487
0.000486554
0.000356465
0.000406619
0.000360955
0.000333571
0.000315908
0.000416244
0.000340251
0.000301669
0.000300477
0.000295092
0.000302098
0.00029608
0.000319646
0.000316398
0.000300512
0.000299526
0.000303433
0.000295571
0.000297041
0.000303414
0.000300561
0.000305304
0.00040635
0.000304076
0.000306284
0.000293132
0.000297415
0.000299284
0.000303001
0.000311959
0.000294186
0.000304976
0.000313956
0.000298325
0.000294665
0.000310429
0.000298389
0.000289906
0.000316333
0.000312164
0.000295371
0.000305514
0.000319425
0.000307442
0.000302068
0.000300562
0.000299121
0.00029287
0.000293557
0.00029785
0.000292603
0.000300448
0.000297986
0.000386442
0.000347828
0.000342373
0.000330629
0.000334736
0.000329319
0.000320108
0.000328396
0.000321521
0.00034299
0.000323749
0.000345027
0.000324872
0.000326558
0.000323309
0.000327787
0.00032418
0.000319983
0.000373667
0.0003489
0.000328579
0.000327425
0.000326165
0.000339315
0.000345461
0.000319241
0.000327451
0.000335294
0.000324004
0.000343337
0.000324172
0.000347447
0.000343535
0.000321604
0.000328019
0.000332253
0.000327944
0.00034083
0.000322321
0.000349099
0.000334833
0.000331867
0.000328599
0.000347965
0.000345938
0.000328069
0.000330995
0.00033381
0.000347512
0.000348529
0.00032522
0.00032645
0.000330987
0.000337983
0.00032842
0.000345323
0.000363794
0.000328155
0.000326863
0.000349839
0.000346993
0.000330535
0.000334613
0.000326423
0.000369916
0.000321907
0.000322963
0.000334294
0.000328432
0.000329952
0.000326044
0.00032514
0.000326594
0.000327136
0.000328109
0.000334795
0.000329703
0.000334583
0.000331822
0.000334738
0.000329411
0.000329184
0.000329894
0.000342374
0.00032695
0.000340668
0.000322204
0.000327715
0.000321285
0.000365468
0.0003302
0.000332393
0.000324241
0.000329495
0.000326329
0.000335169
0.000327545
0.000328442
0.000346116
0.000336815
