3.1741e-05
1.672e-05
1.4998e-05
8.947e-06
1.4766e-05
8.818e-06
1.4464e-05
1.4307e-05
8.825e-06
8.762e-06
8.645e-06
8.697e-06
1.4504e-05
8.539e-06
1.4533e-05
1.445e-05
1.4385e-05
8.933e-06
8.615e-06
1.4644e-05
1.4416e-05
8.77e-06
8.702e-06
8.487e-06
1.4555e-05
1.4331e-05
8.772e-06
1.4205e-05
1.467e-05
8.774e-06
5.61e-05
8.824e-06
1.4406e-05
1.4577e-05
1.4464e-05
1.4373e-05
8.741e-06
8.665e-06
1.472e-05
8.754e-06
1.4385e-05
1.4453e-05
8.696e-06
8.458e-06
1.4493e-05
1.4532e-05
8.634e-06
8.81e-06
1.4631e-05
1.4632e-05
8.664e-06
1.416e-05
1.4183e-05
1.4461e-05
1.419e-05
1.401e-05
1.4362e-05
1.4447e-05
1.4157e-05
1.4392e-05
8.773e-06
1.4521e-05
8.567e-06
1.4441e-05
1.437e-05
1.4228e-05
1.4147e-05
1.4189e-05
1.4269e-05
8.715e-06
8.757e-06
8.693e-06
8.821e-06
8.723e-06
1.4439e-05
1.4659e-05
1.4484e-05
8.474e-06
8.699e-06
1.4528e-05
8.658e-06
8.767e-06
1.4543e-05
1.4634e-05
8.657e-06
8.786e-06
8.794e-06
8.759e-06
1.4596e-05
8.861e-06
8.631e-06
8.924e-06
8.662e-06
8.628e-06
1.4601e-05
8.683e-06
8.776e-06
1.4469e-05
1.4234e-05
1.4553e-05
4.7273e-05
4.2347e-05
4.5375e-05
2.5548e-05
4.9472e-05
3.9843e-05
3.3486e-05
4.5318e-05
1.7904e-05
3.794e-05
4.2409e-05
5.4743e-05
2.5138e-05
4.4042e-05
3.6305e-05
1.5029e-05
7.858e-06
7.52e-06
7.442e-06
1.5935e-05
1.1771e-05
1.3089e-05
7.274e-06
1.2221e-05
7.45e-06
1.3348e-05
1.6146e-05
1.3225e-05
1.3344e-05
7.511e-06
1.4045e-05
7.41e-06
1.0382e-05
1.2143e-05
7.593e-06
1.0055e-05
7.774e-06
6.83e-06
1.4416e-05
1.499e-05
1.0088e-05
7.325e-06
8.549e-06
1.3081e-05
1.5026e-05
6.866e-06
5.241e-06
1.1496e-05
1.2025e-05
1.0101e-05
8.85e-06
1.5055e-05
7.375e-06
1.1591e-05
1.2795e-05
1.4977e-05
1.1242e-05
1.3506e-05
1.281e-05
8.566e-06
1.3158e-05
7.444e-06
1.293e-05
1.185e-05
1.0045e-05
1.0169e-05
1.4823e-05
7.812e-06
8.538e-06
1.5934e-05
7.188e-06
6.772e-06
7.563e-06
1.1115e-05
7.475e-06
8.407e-06
1.1187e-05
1.338e-05
6.815e-06
7.329e-06
7.274e-06
5.319e-06
1.3294e-05
5.268e-06
1.2137e-05
1.1955e-05
1.3836e-05
8.612e-06
1.1454e-05
1.5264e-05
1.3714e-05
1.0081e-05
1.0156e-05
1.0135e-05
1.142e-05
1.2778e-05
1.4054e-05
5.264e-06
1.0039e-05
1.2155e-05
2.5946e-05
3.3245e-05
3.1809e-05
2.317e-05
3.4465e-05
1.9431e-05
2.2812e-05
3.424e-05
8.545e-06
3.3605e-05
1.7005e-05
2.0937e-05
3.4237e-05
2.6722e-05
3.3009e-05
2.0615e-05
3.2728e-05
1.7154e-05
2.8978e-05
3.6992e-05
3.362e-05
2.6475e-05
4.124e-05
3.7778e-05
4.8533e-05
3.3236e-05
3.8152e-05
3.8487e-05
3.4512e-05
3.6581e-05
2.5827e-05
2.2223e-05
1.7139e-05
2.0031e-05
1.1137e-05
2.913e-05
1.8799e-05
3.9156e-05
3.111e-05
2.0406e-05
1.9978e-05
2.2699e-05
1.867e-05
3.6012e-05
3.3363e-05
2.8882e-05
4.1784e-05
2.1047e-05
2.636e-05
2.1911e-05
1.5791e-05
3.236e-05
3.0635e-05
4.2522e-05
2.6903e-05
4.0308e-05
2.746e-05
3.6836e-05
2.0434e-05
1.6234e-05
1.6535e-05
3.2174e-05
2.3852e-05
2.3883e-05
3.977e-05
2.4317e-05
2.7939e-05
3.7691e-05
2.0973e-05
3.0205e-05
1.5457e-05
3.3518e-05
2.7568e-05
1.7801e-05
2.6709e-05
3.1117e-05
3.5996e-05
1.8196e-05
2.1076e-05
4.5139e-05
1.9609e-05
2.4026e-05
3.5363e-05
3.8077e-05
3.1278e-05
1.1175e-05
3.6362e-05
3.8008e-05
1.9664e-05
3.1246e-05
1.9923e-05
1.852e-05
2.4445e-05
3.9354e-05
2.8348e-05
2.4035e-05
3.2323e-05
2.963e-05
1.6613e-05
1.7222e-05
6.1344e-05
8.4828e-05
9.4365e-05
4.2609e-05
8.0479e-05
6.7691e-05
5.3148e-05
4.6987e-05
6.7005e-05
7.9619e-05
8.9879e-05
4.9904e-05
4.4182e-05
4.7659e-05
5.4829e-05
8.0009e-05
2.2437e-05
7.373e-05
6.2421e-05
4.461e-05
6.9907e-05
4.1411e-05
5.9403e-05
9.7581e-05
3.7812e-05
6.905e-05
7.9282e-05
9.0747e-05
5.7415e-05
4.4979e-05
4.9523e-05
7.3217e-05
4.1245e-05
5.8641e-05
6.9455e-05
2.6128e-05
6.5901e-05
5.6535e-05
5.9979e-05
3.928e-05
5.9071e-05
5.0051e-05
7.1873e-05
8.5826e-05
7.8654e-05
2.935e-05
7.5816e-05
6.8339e-05
6.6492e-05
6.1926e-05
5.412e-05
6.2074e-05
7.5899e-05
6.3926e-05
7.2215e-05
6.2318e-05
6.9625e-05
5.7671e-05
7.1334e-05
6.7669e-05
2.9052e-05
7.3932e-05
7.4527e-05
9.396e-05
4.9165e-05
7.4189e-05
8.13e-05
5.6143e-05
7.8003e-05
3.288e-05
6.8206e-05
4.7911e-05
0.000111883
8.4358e-05
3.0443e-05
5.0396e-05
5.2825e-05
8.6765e-05
6.8817e-05
5.3046e-05
6.8145e-05
7.7674e-05
5.6554e-05
8.1491e-05
3.5731e-05
7.6827e-05
6.1129e-05
8.355e-05
4.3729e-05
7.7086e-05
7.4861e-05
8.2496e-05
8.4279e-05
9.6074e-05
8.6669e-05
3.8807e-05
5.8755e-05
7.1036e-05
3.8801e-05
3.8378e-05
0.000130339
0.000117438
0.000120376
4.7606e-05
0.000104257
0.000229776
0.000202118
0.000163175
0.000228123
0.000158968
8.7346e-05
0.000150984
0.000165618
0.000131505
0.000129327
6.7275e-05
0.000180903
0.000189273
0.000119564
5.7073e-05
0.000112693
0.000115041
0.000124191
5.5835e-05
0.000122229
0.000122628
0.000165092
0.000180227
0.000130345
0.000151261
9.9162e-05
0.000158534
0.000193797
0.000131234
7.7528e-05
0.000144647
0.000125456
0.000132284
0.000151425
8.7431e-05
5.9797e-05
0.000139548
0.000125759
0.000133187
0.00016002
0.000141747
0.000148761
0.000137063
0.000177923
0.000159098
0.000136744
5.0404e-05
0.000126046
0.00010331
0.000117901
0.00018883
0.000109486
0.000104147
0.000107064
0.000138398
9.1786e-05
9.9568e-05
0.000142085
0.000100294
0.000158564
9.6721e-05
0.000124105
0.000109087
0.00013621
0.000139118
0.00011257
0.000163639
9.6219e-05
0.000175078
0.000128052
0.000117451
0.000111392
0.000187809
0.000158284
0.00016156
0.000108029
5.74e-05
0.000111429
0.000107183
8.1816e-05
0.000107742
0.000123987
0.000117015
9.3633e-05
0.000175495
0.000130097
0.000139468
0.000131287
0.000142028
0.000186657
9.0168e-05
8.496e-05
0.000109382
0.000101749
0.000220487
0.000244783
0.00023114
0.000140883
0.000202205
0.000256879
0.000392872
0.000224496
0.000408946
0.000201344
0.000155873
0.000226221
0.000244708
0.000315653
0.0003357
0.000182635
0.000297581
0.000248367
0.000172813
0.000566198
0.000454673
0.000313933
0.000369392
0.00034743
0.000190503
0.00014556
0.000177522
0.000158853
0.000226972
0.000276307
0.000258894
0.00025447
0.000198936
0.000214269
0.000326973
0.00011314
0.000166483
0.000228363
0.000135496
0.000258701
0.000202718
0.000231686
0.000110428
0.000171989
0.000238493
0.000291463
0.000325923
0.000283061
0.000248356
0.000136296
0.00035729
0.000253626
0.00010977
0.000285569
0.000165125
0.000236237
7.984e-05
0.000155879
8.342e-05
0.000180956
0.000129828
0.00016557
0.000220034
0.000238765
0.000235232
0.000151113
0.000219193
0.000219279
0.000548164
0.000145345
0.000153267
0.000208814
0.000250371
0.000242253
0.000280048
0.000152489
0.000161851
0.000130564
0.000306952
0.000144239
0.000311699
8.3687e-05
0.000177987
0.000256793
0.000268484
0.000297132
0.000103869
0.000286197
0.000259971
0.000120337
0.000402136
0.000134186
0.00032566
0.000306927
0.000141254
0.000182585
0.0002092
0.00018448
0.000268825
0.000341845
8.364e-05
0.000569516
0.000459609
0.000309246
0.000500178
0.000591174
0.000378355
0.000393416
0.000788899
0.000594231
0.000281973
0.00038317
0.000360312
0.000553976
0.000362095
0.0001967
0.000606363
0.000365176
0.0003127
0.000372071
0.000413614
0.000369801
0.000596856
0.000353492
0.000412899
0.000484271
0.00044631
0.000503713
0.000170638
0.000262751
0.000423728
0.00111028
0.000748335
0.000407782
0.000419374
0.000298809
0.000431165
0.000132539
0.000393327
0.000484771
0.000764927
0.000461409
0.000450639
0.000453483
0.000326526
0.000405522
0.000473601
0.000368947
0.00048499
0.000453784
0.000423628
0.000404885
0.000421083
0.000476722
0.000519578
0.000742436
0.00032854
0.000449765
0.000219084
0.000405431
0.000291337
0.000326972
0.0005079
0.00034077
0.00062449
0.000438535
0.00067383
0.000694051
0.000726412
0.000582574
0.000313034
0.000221927
0.000412761
0.000427033
0.000350181
0.000302233
0.000274126
0.000453703
0.000222805
0.000178856
0.000778346
0.000642125
0.000339218
0.000365164
0.000360795
0.000471924
0.000517898
0.000266953
0.000459662
0.000541381
0.000327016
0.000239073
0.000546958
0.00029016
0.000461045
0.000338904
0.000397894
0.000362019
0.00042549
0.000534294
0.000790191
0.000776993
0.000516035
0.000548227
0.0012036
0.000378003
0.00087176
0.000990643
0.000496144
0.000467769
0.000508004
0.000713855
0.000686076
0.000512527
0.00114563
0.00119712
0.00169371
0.00124724
0.000658771
0.000619896
0.000654252
0.000832205
0.0011343
0.00109976
0.00138505
0.00106128
0.000739776
0.000724868
0.00113068
0.000892303
0.000974649
0.000841818
0.000666996
0.00102885
0.000585283
0.00111398
0.000388776
0.00100296
0.000501688
0.0010302
0.000868372
0.000774437
0.000791433
0.000464354
0.000930565
0.000707693
0.00184288
0.000649679
0.00125992
0.00040913
0.000794812
0.00120719
0.000624772
0.000603426
0.000302366
0.000515653
0.00142552
0.000636028
0.000668335
0.00058459
0.000815208
0.000564718
0.00042268
0.00058546
0.000733637
0.000805872
0.00130036
0.00103577
0.000813128
0.000938368
0.000525952
0.000463796
0.000774223
0.000438238
0.000513361
0.000919163
0.000276117
0.000757359
0.00051317
0.000479932
0.000938847
0.00105799
0.000572573
0.00042781
0.000614848
0.00101189
0.000840074
0.000934231
0.000755474
0.00110501
0.000707034
0.000637868
0.00121947
0.000567793
0.00141503
0.00116636
0.00064369
0.000556051
0.00140928
0.00118861
0.000591338
0.00224867
0.00105285
0.00200447
0.00127826
0.00154183
0.00147814
0.00140499
0.00173783
0.00128287
0.00115883
0.00157759
0.00142913
0.000669751
0.00200702
0.000901505
0.00193341
0.00176058
0.000893645
0.00211578
0.00183029
0.00146456
0.00103099
0.00186797
0.00155065
0.00146511
0.00166369
0.00162525
0.000952376
0.000836023
0.00141704
0.000852536
0.000869919
0.00195193
0.000945725
0.000695733
0.00129619
0.000934938
0.00238167
0.00133753
0.00188598
0.000887459
0.00166269
0.000836249
0.00112149
0.00359843
0.00119053
0.00322856
0.00195256
0.000935314
0.00160273
0.00251326
0.000933772
0.00220025
0.000789565
0.00165453
0.00251142
0.00113829
0.00126572
0.000711435
0.000739258
0.00295891
0.00127575
0.00220006
0.00141548
0.000858386
0.00180827
0.00145803
0.00265834
0.00062881
0.00140693
0.00158667
0.00144968
0.00141239
0.000610268
0.00296366
0.00139373
0.000456803
0.00222409
0.00185872
0.00083315
0.00161299
0.00156347
0.000960137
0.000841691
0.00182538
0.00337105
0.00117682
0.00223351
0.00168537
0.00138925
0.00125057
0.00102795
0.0019554
0.00335231
0.00186556
0.00197813
0.000471042
0.000637683
0.00178694
0.00165164
0.0024948
0.002159
0.0036882
0.00483755
0.00200239
0.00304478
0.00349116
0.00156219
0.00270149
0.00322406
0.00201111
0.0019752
0.00337217
0.00331138
0.00199279
0.00349138
0.00196605
0.00301934
0.00187747
0.00203621
0.0054952
0.00350022
0.00338851
0.00158816
0.00284888
0.00382504
0.0048943
0.00397282
0.00280949
0.00183446
0.00064227
0.00187613
0.00188841
0.00205802
0.00164884
0.00156724
0.00796558
0.00389749
0.00308139
0.00246958
0.00200043
0.00124616
0.00128292
0.00175696
0.00140968
0.00687597
0.00322714
0.00229432
0.00430121
0.00141428
0.00207969
0.00255783
0.00328763
0.0025995
0.00506805
0.00277893
0.0032291
0.002363
0.0016542
0.00319827
0.00243677
0.00216569
0.00106838
0.00204867
0.00173905
0.00173173
0.00242012
0.0038686
0.00114038
0.00339726
0.00385805
0.00209423
0.00295677
0.00439116
0.00253329
0.00467115
0.00139471
0.00357967
0.00269448
0.00312765
0.00238512
0.00278686
0.00113403
0.00355515
0.00248613
0.00323598
0.00145499
0.00159683
0.00243257
0.00235824
0.00505965
0.00283495
0.00446709
0.00332307
0.00230254
0.00187517
0.00188748
0.00340364
0.00279722
0.00363492
0.00398346
0.0109876
0.00148199
0.00290011
0.0130798
0.00486859
0.00502639
0.00694668
0.00387259
0.00636321
0.00876385
0.00709192
0.00196455
0.00522739
0.010061
0.00622086
0.0056348
0.00419202
0.00511996
0.00847156
0.00301429
0.00591318
0.00463612
0.00330078
0.00472756
0.00337839
0.00438303
0.00302943
0.00413127
0.00194018
0.00437439
0.00322278
0.00301287
0.003003
0.00549621
0.00544636
0.00644721
0.0022587
0.00284162
0.00426572
0.00140241
0.00647284
0.00494278
0.00492897
0.0056356
0.00369199
0.00644888
0.00923029
0.00444712
0.00252784
0.00362129
0.00420722
0.00618302
0.00764013
0.00421579
0.00743578
0.00609517
0.00851328
0.00602777
0.00746897
0.00603621
0.00558801
0.00266541
0.00621369
0.00614145
0.00661244
0.00436262
0.00278102
0.00221206
0.00500927
0.00372527
0.00701876
0.0040516
0.00295103
0.00429592
0.00789569
0.00198354
0.00341402
0.00460983
0.00234177
0.00326269
0.00681993
0.00383006
0.00463282
0.00338166
0.00790459
0.00134629
0.00120433
0.00451361
0.00550942
0.00438282
0.00562519
0.00757862
0.00804392
0.0085102
0.00530486
0.00316635
0.0043095
0.00869646
0.00406007
0.0090805
0.00758819
0.0123793
0.00988851
0.0139191
0.00966004
0.00387464
0.00486052
0.0174647
0.00576017
0.00701662
0.00779976
0.0135456
0.0225915
0.00337305
0.00800805
0.00863674
0.00574391
0.00593577
0.0122028
0.0100487
0.0105391
0.00923902
0.0074679
0.00513483
0.0087297
0.00717007
0.00645769
0.00874107
0.0054925
0.0103672
0.00514061
0.00401503
0.00604077
0.0142688
0.00256043
0.00577998
0.0154472
0.00757114
0.00711215
0.00529144
0.00993483
0.00384023
0.00402136
0.00847491
0.00657357
0.00625004
0.00907996
0.00693928
0.0195243
0.0127152
0.00673765
0.00395522
0.0109737
0.0192832
0.0107718
0.00880891
0.0097716
0.0136832
0.0065115
0.0116843
0.00615149
0.00331066
0.00583868
0.0124172
0.0172722
0.00889154
0.0138298
0.0102851
0.0113444
0.00420913
0.010599
0.0069802
0.0136339
0.0108496
0.0155554
0.0149262
0.0120829
0.00272618
0.00684606
0.00736563
0.00879708
0.00700896
0.0082058
0.00557198
0.00800386
0.00346018
0.00676014
0.00746236
0.0136482
0.00680905
0.0113527
0.0103323
0.00386784
0.0111693
0.00609025
0.0094116
0.0172459
0.011024
0.0127196
0.0149553
0.0120351
0.0235773
0.0123094
0.00828293
0.00484448
0.0206584
0.0133625
0.0198726
0.0313526
0.0170554
0.00549506
0.00700776
0.0354957
0.00910935
0.0201364
0.0258714
0.036284
0.0157065
0.00604532
0.00936342
0.0120736
0.0394557
0.0191437
0.013973
0.0216145
0.0147383
0.0125609
0.0135174
0.00867156
0.01486
0.0102078
0.0135494
0.00949197
0.00629763
0.0194759
0.0173693
0.0253619
0.0200069
0.0151301
0.0152667
0.024444
0.00998807
0.0159464
0.0245848
0.0138664
0.0275284
0.0157186
0.012229
0.0117801
0.0213502
0.0218997
0.0171961
0.0211754
0.0181443
0.00758921
0.0152186
0.0138333
0.0202264
0.0240631
0.0140694
0.00313736
0.0142674
0.0045444
0.0115271
0.0259898
0.00685886
0.0219068
0.0068518
0.0252637
0.0119915
0.0166186
0.00903072
0.0254479
0.0186394
0.0136291
0.0243684
0.00366903
0.0120521
0.0155074
0.0108086
0.0164578
0.0227422
0.0471456
0.0195829
0.0114227
0.0322502
0.013569
0.0201362
0.0115144
0.0247355
0.0170423
0.0265061
0.0191632
0.0329875
0.0234466
0.00755727
0.0125325
0.00677265
0.0135111
0.0282942
0.0477414
0.0273658
0.0346033
0.0187568
0.0578822
0.0106754
0.0197427
0.0470047
0.0379635
0.0181268
0.0252526
0.0161967
0.0740119
0.0247806
0.0258697
0.0142931
0.0428639
0.0474368
0.0406028
0.0255242
0.0264647
0.030344
0.0590742
0.00880784
0.0462108
0.0276211
0.0192892
0.0341282
0.0205171
0.0242444
0.0299832
0.035533
0.0433511
0.0530626
0.0207365
0.00500056
0.0708574
0.0115042
0.0314352
0.0515697
0.0120918
0.0104813
0.04626
0.0149384
0.0302172
0.00891257
0.0277975
0.0246
0.0244267
0.0271548
0.0313111
0.0161501
0.0474136
0.0334402
0.0289864
0.0278809
0.0246236
0.061304
0.0205287
0.0295096
0.0172126
0.024612
0.0248346
0.065032
0.0253602
0.0255914
0.0186112
0.02075
0.0228492
0.0128713
0.0145722
0.0291992
0.0225103
0.0275614
0.0275237
0.0254542
0.0251785
0.0315153
0.0453261
0.0291105
0.0390378
0.0849202
0.0349092
0.0436326
0.0210094
0.0207878
0.0202453
0.0243415
0.0456511
0.0227843
0.0271591
0.0172734
0.0323293
0.0341338
0.0138704
0.0408688
0.0289802
0.0344785
0.0194739
0.0778807
0.0211693
0.0539601
0.0106537
0.0378827
0.121639
0.0197256
0.0438674
0.0563286
0.0321984
0.0849042
0.16478
0.0188802
0.0673183
0.0261869
0.0373647
0.128294
0.0493657
0.0721427
0.11858
0.137145
0.0805637
0.0678738
0.0398701
0.0650392
0.0900432
0.0319779
0.0682282
0.170609
0.0809315
0.0679893
0.0842875
0.0454017
0.0314211
0.0641157
0.0332043
0.0378863
0.0490955
0.0497569
0.0172702
0.129449
0.0450694
0.0608534
0.0944944
0.0698687
0.0294592
0.0678116
0.0947485
0.0522765
0.0381926
0.0179794
0.0364757
0.0886351
0.0692571
0.0221582
0.0345435
0.0760685
0.0601754
0.0675702
0.0370661
0.0669433
0.0436496
0.0790117
0.0676657
0.0695765
0.0373426
0.0181381
0.0327724
0.0305863
0.0370717
0.0186545
0.0443091
0.0722585
0.0898397
0.0888774
0.0292423
0.0553852
0.0994712
0.0403198
0.081939
0.092052
0.0112318
0.0628051
0.0549169
0.0552551
0.0630592
0.0477488
0.0619582
0.044685
0.0380635
0.00908018
0.0705898
0.0202517
0.0939484
0.0522166
0.077017
0.0509808
0.0940815
0.0464848
0.030641
0.0725724
0.0730801
0.0548484
0.291461
0.173371
0.0611808
0.115122
0.0610458
0.100262
0.0255584
0.0915871
0.148282
0.0726151
0.0994106
0.0935556
0.0423994
0.0816556
0.0856017
0.107961
0.116402
0.0389259
0.109333
0.0318525
0.111832
0.0876273
0.170881
0.263251
0.0645863
0.0572695
0.120101
0.0576796
0.121917
0.189827
0.0745316
0.0598484
0.0447555
0.0353744
0.0994465
0.0630425
0.0908661
0.226069
0.0613226
0.0277828
0.0817114
0.0653987
0.133069
0.101175
0.0700608
0.0609769
0.112392
0.186808
0.0740892
0.181876
0.19411
0.0274189
0.146132
0.0546662
0.128595
0.0904144
0.174817
0.170466
0.085277
0.0486509
0.095221
0.0447513
0.0497986
0.119452
0.0348357
0.193666
0.0926562
0.097752
0.134313
0.0867408
0.05896
0.207406
0.0806575
0.149578
0.0572047
0.0911273
0.0290634
0.101865
0.146937
0.0555289
0.115228
0.101129
0.250612
0.0693145
0.148726
0.237565
0.0623666
0.0438964
0.185297
0.0397781
0.0900027
0.134481
0.060934
0.0983249
0.0967654
0.0529754
0.111236
0.139785
0.0854568
0.311711
0.270463
0.22199
0.158493
0.212818
0.0484919
0.306673
0.118363
0.109523
0.155128
0.139723
0.263259
0.295081
0.195071
0.0790919
0.110844
0.136235
0.318639
0.172448
0.103071
0.142923
0.0836672
0.0744344
0.10356
0.263173
0.363158
0.100136
0.127274
0.317702
0.123104
0.357204
0.204093
0.066944
0.0740149
0.217533
0.298178
0.074639
0.251915
0.0767671
0.0983592
0.176687
0.569498
0.144277
0.214871
0.584528
0.0891968
0.0957482
0.0994165
0.0950698
0.0885013
0.232
0.205319
0.235902
0.272741
0.115985
0.0596616
0.0872707
0.381096
0.136822
0.251028
0.0620023
0.137351
0.292093
0.115085
0.249996
0.163907
0.151216
0.242641
0.189037
0.40116
0.205945
0.159844
0.301337
0.221776
0.145459
0.0861423
0.105186
0.310475
0.158549
0.163712
0.200502
0.240284
0.325505
0.128113
0.248956
0.0766919
0.0378486
0.208618
0.101651
0.119426
0.351914
0.0864046
0.242162
0.241988
0.244654
0.210947
0.176367
0.139489
0.691457
0.620484
0.390983
0.131849
0.202275
0.426361
0.379818
0.221885
0.337166
0.215534
0.502467
0.470871
0.338033
0.244535
0.328767
0.253324
0.465591
0.242631
0.280151
0.348893
0.201552
0.147579
0.340178
0.277448
0.731816
0.220301
0.444703
0.463181
0.0963368
0.0877824
0.242488
0.198516
0.197624
0.106965
0.470175
0.771236
0.213523
0.39271
0.200008
0.231112
0.194166
0.210252
0.391439
0.220268
0.783003
0.346606
0.335228
0.256483
0.146501
0.770513
0.114684
0.319329
0.265138
0.29681
0.144717
0.42532
0.219446
0.328863
0.309998
0.428458
0.309709
0.179978
0.934525
0.213304
0.6803
0.811907
0.430906
0.552446
0.180948
0.336967
0.415632
0.237477
0.146924
0.272249
0.456745
0.3998
0.370013
0.23363
0.327004
0.232412
0.478292
0.332338
0.770205
0.353604
0.201482
0.342024
0.304022
0.360279
0.249058
0.343306
0.357629
0.070611
0.550548
0.179793
0.419012
0.229063
0.139391
0.2999
0.119337
0.488679
0.779283
0.0792261
0.775038
0.205147
0.0917767
0.577906
0.336674
0.469772
0.188517
0.19922
0.24534
1.35667
0.485536
0.553286
0.284669
0.554849
0.32848
0.227021
0.71853
0.537169
1.05113
0.604377
0.757255
0.351215
0.663883
0.533515
0.263076
0.808998
0.456893
0.972902
0.406397
0.798123
0.650035
0.845301
0.594554
0.519028
0.851087
0.641176
0.32323
0.352371
0.57772
0.506948
1.18129
0.896104
0.896597
0.601848
0.477159
0.365063
0.449297
0.738951
0.177547
0.772682
0.158009
0.688371
0.884366
0.512818
0.373563
0.315149
0.7354
0.246666
0.187326
0.842037
0.833585
0.202554
1.30241
0.577854
0.506353
0.614992
1.16926
0.277411
0.696924
0.544007
1.15886
0.381527
0.730399
0.342527
1.11448
1.36332
0.346734
0.722148
0.297711
0.194174
1.05635
0.797641
0.513083
1.06913
0.610285
0.998305
1.65218
0.542288
0.727238
1.17289
0.19157
0.612036
1.01262
0.801892
0.315426
0.525579
0.487688
0.531651
0.867278
0.348875
0.536833
2.32162
1.30648
0.874568
1.19134
0.445013
1.28129
0.526122
2.21616
1.78197
1.06542
2.18989
0.993467
1.01006
0.378331
0.837867
1.03668
0.839126
0.222913
0.967881
0.406451
3.41396
1.35817
0.706535
0.346845
0.51215
2.15242
0.781233
1.52532
1.94588
0.881057
0.684829
1.59365
1.59659
1.0286
1.48466
1.16157
0.922347
0.74833
0.533192
0.483961
1.04138
0.42044
0.416157
0.456333
0.622024
1.01978
2.1074
1.37271
0.877527
0.630937
1.86736
0.503802
1.99183
0.572242
0.88001
0.430831
0.61205
0.577398
0.915949
1.4997
0.629816
0.385662
0.411435
0.671328
0.45877
0.535714
1.05495
2.26531
1.4163
1.21583
0.964776
0.906353
0.386612
0.62847
0.768792
0.904208
0.862916
0.996584
1.08453
1.40051
0.132316
1.64392
1.30645
2.64192
0.262412
1.07819
0.512854
0.746833
0.871269
1.5958
0.782051
0.720005
1.61794
1.52912
1.77056
0.664956
0.400803
1.34329
1.56554
1.53566
2.78035
1.52616
1.56697
1.23914
2.14666
2.43875
2.68894
1.22652
2.47354
0.707191
1.60842
1.22988
1.40364
2.7121
1.57473
0.665218
1.49512
1.77159
1.18961
1.85891
0.887594
2.20146
2.23056
0.474805
2.29534
1.39585
1.99316
0.691631
0.535393
0.962168
1.09993
1.62694
1.04397
1.06638
1.09217
0.793085
0.700371
5.18941
2.16839
1.59628
1.49924
0.852956
1.14173
1.62331
1.35966
1.76616
0.937277
0.985058
2.53254
0.960708
1.24964
1.12312
1.19153
2.39447
2.81731
1.20701
0.935416
0.582595
2.70698
1.39212
2.28524
2.38205
0.840966
1.57977
2.39161
0.996728
1.26119
0.478733
1.37462
1.557
2.29646
4.60202
1.79237
1.8223
1.06647
1.96428
2.66477
1.43595
2.17905
1.161
2.32882
3.27209
2.76423
1.0248
1.19057
1.09172
1.39326
0.821286
2.36275
1.83905
1.56291
0.585488
0.656812
0.905574
1.23948
0.65825
2.72015
