1 5
1 25
1 28
1 18
1 19
1 18
1 5
1 21
1 29
1 21
1 6
1 11
1 13
1 27
1 24
1 22
1 28
1 18
1 10
1 26
1 11
1 11
1 4
1 10
1 2
1 9
1 1
1 9
1 8
1 30
1 21
1 17
1 4
1 9
1 14
1 20
1 7
1 3
1 3
1 9
1 12
1 26
1 17
1 9
1 10
1 23
1 29
1 22
1 19
1 5
1 27
1 13
1 12
1 31
1 27
1 26
1 26
1 15
1 22
1 17
1 22
1 15
1 8
1 5
1 24
1 1
1 9
1 22
1 3
1 11
1 12
1 15
1 15
1 13
1 18
1 28
1 28
1 9
1 8
1 21
1 4
1 27
1 28
1 7
1 1
1 4
1 29
1 9
1 29
1 7
1 5
1 14
1 29
1 1
1 28
1 21
1 18
1 22
1 25
1 14
2 3
2 23
2 18
2 28
2 9
2 22
2 8
2 21
2 17
2 19
2 4
2 9
2 27
2 9
2 16
2 28
2 20
2 17
2 9
2 24
2 4
2 15
2 3
2 3
2 23
2 6
2 19
2 18
2 31
2 5
2 26
2 28
2 4
2 9
2 2
2 17
2 16
2 18
2 27
2 24
2 19
2 20
2 13
2 23
2 18
2 9
2 31
2 12
2 20
2 29
2 25
2 8
2 23
2 24
2 28
2 9
2 20
2 18
2 17
2 5
2 17
2 21
2 22
2 25
2 10
2 4
2 12
2 12
2 20
2 30
2 15
2 11
2 2
2 20
2 31
2 12
2 6
2 6
2 12
2 15
2 30
2 5
2 29
2 22
2 21
2 21
2 25
2 20
2 21
2 1
2 16
2 27
2 11
2 4
2 8
2 2
2 13
2 11
2 19
2 18
3 24
3 26
3 9
3 4
3 19
3 6
3 15
3 21
3 18
3 21
3 4
3 2
3 14
3 29
3 4
3 13
3 8
3 10
3 4
3 11
3 2
3 29
3 1
3 12
3 30
3 30
3 18
3 20
3 10
3 9
3 12
3 16
3 10
3 14
3 24
3 8
3 10
3 19
3 11
3 2
3 4
3 15
3 21
3 17
3 5
3 26
3 10
3 11
3 14
3 27
3 4
3 19
3 23
3 11
3 12
3 24
3 31
3 13
3 19
3 1
3 25
3 28
3 26
3 22
3 23
3 25
3 11
3 5
3 26
3 11
3 5
3 10
3 16
3 17
3 24
3 12
3 22
3 30
3 4
3 27
3 6
3 19
3 3
3 12
3 25
3 9
3 11
3 26
3 17
3 7
3 30
3 23
3 19
3 19
3 1
3 25
3 31
3 6
3 14
3 14
4 3
4 5
4 15
4 11
4 2
4 10
4 31
4 15
4 22
4 2
4 5
4 21
4 5
4 19
4 22
4 13
4 6
4 30
4 31
4 24
4 24
4 22
4 30
4 23
4 16
4 7
4 12
4 9
4 20
4 29
4 11
4 21
4 24
4 14
4 20
4 11
4 30
4 7
4 15
4 30
4 12
4 5
4 15
4 8
4 31
4 31
4 18
4 28
4 8
4 14
4 11
4 17
4 31
4 3
4 7
4 18
4 9
4 1
4 11
4 17
4 2
4 5
4 25
4 25
4 5
4 21
4 5
4 14
4 4
4 29
4 19
4 22
4 30
4 2
4 10
4 31
4 3
4 2
4 6
4 5
4 26
4 12
4 12
4 16
4 30
4 24
4 30
4 9
4 14
4 10
4 26
4 22
4 10
4 7
4 11
4 4
4 11
4 17
4 18
4 5
5 27
5 12
5 6
5 27
5 30
5 6
5 9
5 15
5 6
5 2
5 16
5 2
5 16
5 19
5 24
5 24
5 1
5 4
5 7
5 9
5 4
5 16
5 8
5 17
5 21
5 27
5 18
5 3
5 8
5 6
5 5
5 11
5 27
5 7
5 30
5 28
5 12
5 17
5 13
5 18
5 20
5 5
5 22
5 6
5 12
5 24
5 14
5 12
5 23
5 2
5 16
5 23
5 20
5 16
5 14
5 8
5 18
5 8
5 28
5 7
5 2
5 9
5 19
5 24
5 13
5 27
5 24
5 9
5 30
5 5
5 27
5 1
5 3
5 23
5 25
5 12
5 2
5 11
5 29
5 11
5 4
5 25
5 28
5 20
5 4
5 17
5 6
5 15
5 21
5 2
5 4
5 28
5 5
5 21
5 16
5 1
5 6
5 16
5 9
5 12
6 25
6 19
6 1
6 24
6 30
6 1
6 7
6 13
6 22
6 26
6 20
6 5
6 23
6 4
6 24
6 14
6 22
6 13
6 23
6 3
6 27
6 13
6 25
6 18
6 7
6 3
6 22
6 7
6 7
6 9
6 11
6 6
6 11
6 30
6 26
6 26
6 22
6 19
6 13
6 9
6 15
6 26
6 13
6 8
6 12
6 12
6 6
6 13
6 5
6 26
6 14
6 10
6 25
6 16
6 4
6 20
6 1
6 19
6 19
6 17
6 20
6 14
6 31
6 19
6 3
6 31
6 2
6 20
6 8
6 22
6 26
6 13
6 18
6 20
6 28
6 30
6 13
6 5
6 2
6 20
6 4
6 21
6 15
6 24
6 1
6 1
6 9
6 8
6 7
6 16
6 25
6 18
6 25
6 10
6 21
6 8
6 28
6 2
6 24
6 7
7 3
7 19
7 11
7 21
7 1
7 27
7 15
7 31
7 26
7 29
7 19
7 19
7 17
7 15
7 26
7 15
7 19
7 22
7 14
7 11
7 21
7 8
7 2
7 3
7 19
7 22
7 12
7 4
7 12
7 7
7 11
7 13
7 29
7 3
7 17
7 22
7 24
7 29
7 27
7 3
7 4
7 20
7 10
7 22
7 1
7 23
7 19
7 19
7 8
7 8
7 21
7 9
7 1
7 6
7 19
7 18
7 20
7 14
7 24
7 21
7 15
7 15
7 31
7 23
7 18
7 18
7 13
7 21
7 11
7 16
7 2
7 8
7 10
7 10
7 25
7 23
7 2
7 17
7 27
7 3
7 28
7 28
7 4
7 2
7 24
7 9
7 1
7 24
7 15
7 30
7 15
7 27
7 31
7 31
7 1
7 28
7 8
7 21
7 29
7 16
8 10
8 30
8 21
8 20
8 21
8 2
8 26
8 4
8 7
8 21
8 26
8 29
8 26
8 29
8 5
8 29
8 24
8 14
8 19
8 27
8 31
8 19
8 5
8 22
8 22
8 4
8 24
8 17
8 23
8 4
8 19
8 19
8 4
8 11
8 9
8 18
8 2
8 18
8 24
8 28
8 17
8 20
8 14
8 25
8 4
8 17
8 21
8 21
8 23
8 12
8 25
8 7
8 8
8 12
8 19
8 22
8 26
8 27
8 7
8 6
8 13
8 4
8 29
8 9
8 17
8 7
8 22
8 6
8 7
8 5
8 23
8 21
8 9
8 16
8 22
8 21
8 6
8 10
8 26
8 18
8 30
8 8
8 7
8 22
8 5
8 21
8 18
8 7
8 6
8 2
8 12
8 19
8 17
8 24
8 19
8 14
8 8
8 19
8 7
8 23
9 25
9 25
9 17
9 6
9 30
9 29
9 21
9 5
9 6
9 2
9 5
9 15
9 23
9 6
9 8
9 6
9 7
9 7
9 11
9 5
9 31
9 22
9 7
9 31
9 9
9 2
9 16
9 4
9 30
9 2
9 15
9 24
9 12
9 10
9 16
9 9
9 25
9 17
9 30
9 10
9 17
9 9
9 15
9 11
9 19
9 21
9 1
9 17
9 14
9 1
9 25
9 16
9 23
9 18
9 8
9 23
9 13
9 15
9 12
9 20
9 23
9 7
9 24
9 25
9 8
9 7
9 11
9 20
9 18
9 12
9 8
9 29
9 18
9 17
9 4
9 14
9 3
9 30
9 13
9 20
9 27
9 19
9 17
9 18
9 17
9 14
9 16
9 30
9 21
9 29
9 22
9 29
9 2
9 29
9 25
9 31
9 8
9 30
9 6
9 28
10 22
10 3
10 27
10 26
10 2
10 27
10 4
10 18
10 9
10 15
10 6
10 20
10 18
10 29
10 1
10 11
10 30
10 2
10 12
10 15
10 29
10 9
10 25
10 11
10 3
10 12
10 31
10 30
10 27
10 3
10 4
10 12
10 28
10 6
10 28
10 5
10 18
10 6
10 16
10 26
10 29
10 27
10 24
10 25
10 18
10 31
10 22
10 18
10 2
10 2
10 24
10 17
10 6
10 3
10 8
10 18
10 30
10 4
10 9
10 19
10 20
10 19
10 29
10 29
10 21
10 31
10 18
10 18
10 16
10 22
10 2
10 23
10 21
10 18
10 5
10 3
10 28
10 7
10 25
10 4
10 28
10 5
10 17
10 29
10 24
10 4
10 9
10 12
10 4
10 20
10 31
10 19
10 19
10 4
10 2
10 9
10 22
10 25
10 11
10 8
11 30
11 2
11 6
11 11
11 26
11 29
11 31
11 9
11 1
11 6
11 6
11 26
11 2
11 31
11 30
11 11
11 19
11 3
11 29
11 10
11 26
11 17
11 16
11 17
11 5
11 12
11 7
11 20
11 8
11 13
11 10
11 3
11 21
11 5
11 20
11 2
11 18
11 7
11 6
11 26
11 22
11 11
11 2
11 30
11 18
11 30
11 23
11 11
11 4
11 23
11 1
11 12
11 5
11 28
11 20
11 6
11 3
11 28
11 16
11 30
11 19
11 6
11 2
11 7
11 31
11 5
11 16
11 15
11 2
11 18
11 22
11 27
11 1
11 9
11 10
11 26
11 3
11 21
11 21
11 26
11 8
11 19
11 10
11 4
11 21
11 16
11 1
11 8
11 23
11 9
11 5
11 5
11 30
11 6
11 20
11 9
11 2
11 10
11 18
11 30
12 17
12 12
12 7
12 6
12 26
12 6
12 10
12 22
12 23
12 8
12 9
12 7
12 5
12 24
12 23
12 30
12 23
12 23
12 22
12 5
12 21
12 7
12 8
12 28
12 1
12 16
12 24
12 16
12 25
12 13
12 26
12 21
12 10
12 21
12 25
12 11
12 1
12 31
12 30
12 25
12 29
12 8
12 29
12 11
12 2
12 5
12 6
12 10
12 19
12 15
12 8
12 30
12 4
12 25
12 13
12 22
12 12
12 26
12 18
12 13
12 18
12 16
12 24
12 13
12 23
12 16
12 18
12 9
12 15
12 31
12 7
12 11
12 16
12 6
12 18
12 6
12 18
12 30
12 17
12 11
12 4
12 27
12 20
12 1
12 14
12 2
12 9
12 17
12 1
12 21
12 2
12 7
12 9
12 17
12 17
12 24
12 11
12 6
12 1
12 23
13 24
13 1
13 3
13 23
13 14
13 11
13 17
13 27
13 7
13 28
13 3
13 25
13 18
13 19
13 11
13 27
13 8
13 31
13 7
13 25
13 16
13 13
13 11
13 21
13 10
13 29
13 29
13 3
13 22
13 27
13 4
13 31
13 31
13 11
13 18
13 3
13 16
13 29
13 17
13 18
13 1
13 15
13 26
13 14
13 19
13 8
13 22
13 4
13 1
13 19
13 24
13 5
13 11
13 16
13 3
13 27
13 29
13 25
13 18
13 6
13 22
13 7
13 3
13 25
13 31
13 19
13 21
13 31
13 23
13 4
13 22
13 5
13 5
13 21
13 31
13 11
13 10
13 2
13 23
13 23
13 18
13 4
13 3
13 2
13 28
13 18
13 2
13 31
13 30
13 20
13 19
13 22
13 10
13 2
13 19
13 11
13 11
13 4
13 10
13 26
14 8
14 2
14 10
14 3
14 25
14 2
14 14
14 21
14 26
14 28
14 11
14 9
14 8
14 17
14 21
14 30
14 1
14 27
14 9
14 12
14 17
14 16
14 29
14 26
14 13
14 2
14 30
14 6
14 9
14 19
14 2
14 5
14 14
14 6
14 14
14 31
14 27
14 10
14 8
14 19
14 7
14 18
14 7
14 2
14 15
14 22
14 17
14 13
14 31
14 29
14 14
14 15
14 1
14 12
14 31
14 2
14 6
14 25
14 14
14 9
14 6
14 1
14 3
14 16
14 26
14 6
14 14
14 16
14 18
14 7
14 14
14 31
14 29
14 17
14 28
14 29
14 13
14 29
14 27
14 7
14 23
14 13
14 6
14 7
14 30
14 20
14 30
14 22
14 28
14 21
14 16
14 24
14 7
14 3
14 8
14 26
14 30
14 16
14 22
14 29
15 18
15 3
15 25
15 22
15 25
15 1
15 1
15 2
15 27
15 1
15 22
15 6
15 27
15 16
15 14
15 10
15 2
15 11
15 23
15 3
15 2
15 17
15 18
15 27
15 2
15 11
15 30
15 16
15 12
15 24
15 25
15 3
15 2
15 23
15 7
15 25
15 26
15 18
15 18
15 23
15 28
15 19
15 22
15 5
15 13
15 12
15 17
15 30
15 17
15 5
15 23
15 2
15 16
15 22
15 29
15 30
15 14
15 24
15 29
15 19
15 22
15 14
15 7
15 16
15 17
15 4
15 17
15 11
15 21
15 2
15 11
15 14
15 2
15 21
15 4
15 1
15 20
15 11
15 18
15 12
15 10
15 30
15 12
15 12
15 9
15 9
15 15
15 8
15 2
15 30
15 8
15 1
15 18
15 9
15 5
15 22
15 8
15 6
15 19
15 19
16 28
16 25
16 25
16 9
16 16
16 8
16 23
16 16
16 26
16 25
16 24
16 26
16 14
16 30
16 11
16 22
16 9
16 4
16 27
16 7
16 18
16 24
16 27
16 16
16 3
16 30
16 13
16 21
16 6
16 16
16 3
16 13
16 4
16 21
16 17
16 18
16 9
16 27
16 25
16 15
16 12
16 11
16 7
16 17
16 21
16 3
16 18
16 10
16 1
16 1
16 2
16 14
16 29
16 27
16 16
16 1
16 14
16 30
16 22
16 19
16 15
16 25
16 25
16 17
16 7
16 21
16 3
16 14
16 30
16 31
16 13
16 25
16 31
16 18
16 13
16 27
16 7
16 24
16 28
16 1
16 28
16 20
16 6
16 23
16 3
16 27
16 27
16 17
16 18
16 2
16 24
16 13
16 16
16 8
16 15
16 15
16 28
16 26
16 25
16 7
17 17
17 12
17 25
17 31
17 19
17 22
17 16
17 13
17 26
17 7
17 15
17 27
17 30
17 7
17 22
17 26
17 9
17 21
17 4
17 16
17 26
17 28
17 16
17 13
17 20
17 3
17 1
17 14
17 8
17 7
17 6
17 17
17 25
17 15
17 13
17 24
17 3
17 7
17 24
17 14
17 15
17 14
17 20
17 29
17 25
17 26
17 21
17 2
17 5
17 3
17 17
17 9
17 7
17 7
17 13
17 24
17 27
17 4
17 17
17 29
17 21
17 6
17 18
17 14
17 11
17 10
17 20
17 7
17 19
17 6
17 4
17 30
17 8
17 11
17 20
17 4
17 12
17 15
17 25
17 21
17 12
17 28
17 4
17 19
17 30
17 10
17 8
17 22
17 24
17 3
17 8
17 18
17 2
17 19
17 7
17 3
17 20
17 14
17 9
17 30
18 13
18 16
18 1
18 2
18 22
18 3
18 15
18 26
18 4
18 8
18 26
18 13
18 18
18 14
18 16
18 25
18 23
18 1
18 30
18 22
18 26
18 6
18 12
18 14
18 9
18 20
18 11
18 17
18 6
18 19
18 10
18 11
18 4
18 11
18 1
18 2
18 31
18 9
18 31
18 17
18 17
18 31
18 14
18 24
18 23
18 7
18 9
18 7
18 19
18 2
18 28
18 2
18 7
18 20
18 7
18 18
18 9
18 21
18 1
18 19
18 19
18 29
18 12
18 22
18 13
18 11
18 31
18 20
18 28
18 28
18 27
18 11
18 7
18 16
18 9
18 7
18 12
18 19
18 21
18 23
18 2
18 16
18 4
18 6
18 14
18 12
18 13
18 1
18 10
18 12
18 2
18 31
18 31
18 11
18 22
18 11
18 28
18 3
18 26
18 17
19 30
19 5
19 3
19 22
19 11
19 13
19 22
19 11
19 10
19 31
19 26
19 13
19 13
19 9
19 12
19 16
19 31
19 7
19 4
19 23
19 17
19 16
19 17
19 12
19 3
19 21
19 4
19 23
19 14
19 27
19 22
19 31
19 8
19 16
19 14
19 10
19 23
19 10
19 10
19 12
19 25
19 1
19 1
19 28
19 11
19 23
19 26
19 18
19 22
19 19
19 29
19 1
19 22
19 8
19 27
19 9
19 15
19 22
19 15
19 10
19 28
19 22
19 20
19 26
19 16
19 27
19 6
19 25
19 20
19 6
19 7
19 23
19 11
19 18
19 20
19 2
19 13
19 23
19 3
19 2
19 31
19 16
19 3
19 28
19 9
19 22
19 13
19 19
19 25
19 16
19 11
19 20
19 3
19 12
19 1
19 6
19 2
19 19
19 6
19 8
20 21
20 29
20 8
20 20
20 1
20 11
20 26
20 9
20 30
20 11
20 24
20 17
20 15
20 23
20 28
20 28
20 15
20 5
20 21
20 31
20 28
20 13
20 2
20 7
20 24
20 22
20 13
20 2
20 4
20 8
20 28
20 23
20 23
20 24
20 1
20 2
20 18
20 19
20 2
20 11
20 16
20 12
20 12
20 10
20 3
20 18
20 12
20 4
20 31
20 14
20 17
20 20
20 5
20 2
20 1
20 15
20 20
20 28
20 10
20 12
20 10
20 24
20 11
20 15
20 12
20 16
20 3
20 6
20 31
20 5
20 4
20 29
20 1
20 14
20 19
20 9
20 3
20 25
20 26
20 19
20 28
20 25
20 19
20 27
20 31
20 2
20 10
20 21
20 16
20 12
20 31
20 22
20 24
20 8
20 28
20 26
20 2
20 7
20 22
20 8
21 7
21 19
21 1
21 4
21 4
21 9
21 2
21 23
21 23
21 11
21 18
21 1
21 10
21 27
21 13
21 30
21 11
21 14
21 20
21 15
21 25
21 17
21 30
21 29
21 5
21 5
21 20
21 15
21 13
21 14
21 10
21 12
21 12
21 2
21 1
21 25
21 13
21 2
21 26
21 26
21 5
21 6
21 28
21 17
21 2
21 25
21 6
21 17
21 27
21 28
21 11
21 8
21 18
21 24
21 2
21 29
21 23
21 28
21 31
21 2
21 18
21 22
21 19
21 31
21 22
21 22
21 28
21 30
21 14
21 4
21 11
21 22
21 14
21 3
21 11
21 19
21 30
21 30
21 4
21 30
21 21
21 18
21 11
21 19
21 10
21 26
21 3
21 27
21 11
21 6
21 14
21 14
21 28
21 3
21 18
21 6
21 31
21 13
21 30
21 9
22 23
22 30
22 30
22 8
22 17
22 3
22 10
22 9
22 4
22 18
22 19
22 8
22 3
22 26
22 15
22 7
22 3
22 20
22 29
22 30
22 6
22 17
22 18
22 22
22 29
22 18
22 24
22 20
22 14
22 16
22 22
22 31
22 7
22 2
22 9
22 14
22 22
22 18
22 20
22 3
22 21
22 3
22 21
22 18
22 26
22 10
22 10
22 1
22 23
22 17
22 21
22 17
22 1
22 2
22 26
22 7
22 16
22 4
22 29
22 29
22 30
22 29
22 6
22 30
22 25
22 1
22 18
22 14
22 6
22 17
22 18
22 17
22 23
22 28
22 9
22 30
22 16
22 12
22 30
22 12
22 1
22 7
22 15
22 18
22 29
22 11
22 2
22 6
22 24
22 29
22 1
22 28
22 6
22 27
22 18
22 16
22 3
22 15
22 30
22 28
23 15
23 9
23 26
23 4
23 10
23 8
23 23
23 27
23 16
23 22
23 28
23 23
23 12
23 22
23 12
23 19
23 25
23 5
23 25
23 23
23 8
23 6
23 31
23 20
23 2
23 17
23 14
23 1
23 12
23 20
23 17
23 21
23 23
23 22
23 7
23 9
23 4
23 30
23 21
23 5
23 28
23 11
23 21
23 15
23 17
23 20
23 28
23 29
23 11
23 5
23 29
23 7
23 12
23 23
23 12
23 7
23 6
23 27
23 6
23 5
23 26
23 27
23 25
23 14
23 29
23 4
23 26
23 29
23 6
23 11
23 19
23 23
23 30
23 15
23 28
23 19
23 24
23 21
23 22
23 4
23 6
23 1
23 18
23 15
23 29
23 22
23 13
23 17
23 18
23 24
23 2
23 17
23 19
23 23
23 8
23 10
23 8
23 23
23 8
23 7
0 0