0.000174314
0.000386759
0.000170822
0.000186884
0.000237935
0.00017997
0.000100426
1.718e-05
0.000318318
2.1859e-05
0.000139605
7.7729e-05
4.1623e-05
8.8693e-05
0.000384384
0.000125218
0.000139186
8.8483e-05
0.00017159
0.000203227
0.000361408
1.6691e-05
0.000435644
3.4848e-05
0.000185907
0.000125987
3.4849e-05
0.000113206
6.7812e-05
0.000361617
9.8331e-05
0.000294503
0.000191075
6.7393e-05
1.4386e-05
0.000294014
5.0563e-05
0.000160905
3.6385e-05
6.914e-06
0.000121237
4.3368e-05
1.4526e-05
0.000258118
0.000256932
0.000239262
0.000109155
1.4317e-05
0.000120819
8.6668e-05
0.000378728
1.4945e-05
0.000120889
2.4234e-05
0.000121028
0.000171101
9.8192e-05
0.000376493
0.000191145
0.000147775
0.000190655
4.281e-05
7.696e-05
5.0981e-05
0.000275648
0.000190586
0.000275019
0.000206159
9.7633e-05
6.7672e-05
0.000175571
0.000147566
1.0406e-05
0.000135415
9.7981e-05
0.000134367
0.000175781
0.000239333
7.3538e-05
0.000206439
0.00020574
0.000109714
0.000376842
0.000162092
1.0127e-05
0.000256722
1.9484e-05
0.000148125
0.000109784
0.000239612
1.0685e-05
0.000121517
3.6245e-05
6.495e-06
0.000109086
0.000312313
0.000222572
0.000238564
0.000175361
8.6668e-05
0.000121377
0.000643131
0.000236468
6.3203e-05
0.000126964
0.000282562
0.000211747
0.000140163
2.9262e-05
0.000315943
1.8437e-05
0.000521195
0.0003605
0.000298205
0.000683218
7.9056e-05
0.000349326
0.000481527
0.000505692
0.000166003
8.4853e-05
0.000200224
0.000314617
4.6022e-05
2.8075e-05
0.000102871
0.000324394
0.000187234
9.1906e-05
0.000479712
7.8078e-05
5.2028e-05
0.000375794
0.000220336
0.000545917
0.000319785
0.000204483
0.000397304
5.182e-05
0.000172428
2.2976e-05
0.000348977
8.7437e-05
5.5591e-05
0.000104058
0.00011558
0.000111949
0.000172847
0.000181158
0.000402612
0.000227739
9.8191e-05
0.000428522
0.000545359
2.8843e-05
0.000282701
0.000421747
0.000561771
1.2501e-05
0.00017187
0.000125009
5.594e-05
6.2644e-05
0.000379006
0.00019729
0.000106152
3.457e-05
0.000167539
0.000333752
5.58e-05
0.000299183
4.3648e-05
0.000163628
9.1557e-05
0.000196941
0.000240659
2.4164e-05
7.123e-06
0.000318248
1.3129e-05
0.000330121
6.1666e-05
6.411e-05
0.000170193
0.000263496
4.7e-05
0.000150639
0.000153921
6.2574e-05
0.000134925
7.8986e-05
8.8832e-05
0.000121936
1.4875e-05
6.0549e-05
1.2501e-05
0.000180599
2.6259e-05
0.000258538
0.000228578
0.000629652
0.000540261
0.000177946
4.2601e-05
0.000138836
0.00051491
6.3133e-05
9.3512e-05
0.00048062
0.000548292
1.5713e-05
4.6512e-05
0.000325512
4.3927e-05
0.000539493
2.8773e-05
0.000435575
0.000185139
0.000547943
0.000350723
0.000492981
0.000178085
7.3608e-05
0.00034751
2.0741e-05
0.000211327
0.000322439
0.000495215
6.439e-05
3.3243e-05
6.3482e-05
2.8982e-05
2.6747e-05
0.00013311
0.000540051
0.00027879
0.000406872
3.5407e-05
0.000398561
0.000226971
0.000363713
1.5364e-05
0.000277464
0.000188212
0.000564494
4.1274e-05
6.6206e-05
0.000113486
0.000371743
1.5574e-05
0.000165933
0.000532858
0.000354005
0.000237726
0.000260772
0.000565752
4.7489e-05
0.000471192
3.2265e-05
0.000101613
8.8623e-05
0.000562609
0.000372232
0.000363852
9.1347e-05
2.0951e-05
3.883e-05
7.7589e-05
0.000201062
0.000186466
7.284e-05
0.000346463
0.000264613
0.000574621
0.000517563
8.7296e-05
8.5621e-05
0.000547314
0.000679587
0.000271527
3.6874e-05
0.000497311
0.000139604
1.7459e-05
9.8052e-05
0.000484111
0.00024052
0.000440254
0.000349605
0.000315246
1.5015e-05
1.8926e-05
5.1959e-05
0.000247992
0.000363712
0.000146449
2.8494e-05
0.00045911
0.000305817
2.1859e-05
0.000132691
0.000115859
8.7436e-05
0.000480131
0.00045897
0.000432711
0.000954116
0.000268385
0.000305119
8.8763e-05
0.000337663
8.2617e-05
6.6136e-05
0.000125707
8.2688e-05
0.000852503
0.000496613
0.000454361
0.000348279
0.000147496
0.000319785
0.000408757
0.000113765
0.000137021
0.000564285
0.000615336
0.000336685
0.000213841
0.000757944
0.000499197
0.000306097
2.8633e-05
3.9179e-05
0.000498359
0.000517493
6.1457e-05
0.000266988
0.000209512
9.9238e-05
7.7939e-05
0.000411481
0.000630979
9.4699e-05
0.000280117
0.000427055
8.6598e-05
0.000362525
0.000444933
9.6236e-05
0.000545918
3.0309e-05
0.000431455
0.000542636
2.9821e-05
0.000134786
0.00048893
0.000310356
0.000110343
0.000555066
0.000194567
0.00015888
3.2963e-05
0.000474335
0.000271877
0.000228927
0.000348628
0.000547454
0.00062197
0.00105294
0.000767231
0.000748655
0.000213702
0.000785041
4.3019e-05
6.8231e-05
3.9249e-05
0.000873873
0.000658076
0.000666946
0.000694951
0.000166073
0.000170752
0.000615336
0.000391508
0.000361757
0.000724771
0.000451987
0.000935958
2.7306e-05
0.00067372
3.2126e-05
0.000155527
0.000279418
2.7237e-05
0.000223479
0.000889237
0.000551155
4.3299e-05
0.000288078
0.000254068
0.000428312
0.00185956
0.000656121
0.000127453
0.00160835
0.00132698
0.000430965
0.000354982
0.000146239
0.00027027
0.000887841
0.000447517
0.000149591
0.000109644
0.0015587
0.000202737
0.00134507
0.00123165
0.000354913
0.00093093
0.000512047
0.000305608
0.000271038
0.00150737
0.00125644
8.9531e-05
0.000310915
0.000440323
0.000537327
5.7267e-05
0.000818213
0.000581465
0.00110063
0.000700607
0.000608421
0.000894406
0.000739157
0.000164327
0.000938263
0.000169495
6.2574e-05
0.000902996
0.00069963
0.000851665
0.000514141
0.00023626
0.00145178
0.00202277
0.00093526
0.00069942
0.00141595
0.000537886
0.000792932
8.4573e-05
0.000881905
0.00120469
5.2657e-05
0.000366506
0.000337453
0.00082359
0.00175794
0.000707451
0.000804735
0.000607514
0.000100775
0.00167952
0.000603533
0.000124799
0.000142607
0.000311893
0.000373908
0.00039025
0.00132893
0.00144018
0.000992666
0.000582861
0.000130037
0.000575459
0.000193309
0.000458412
0.00115448
5.1819e-05
6.2295e-05
0.000272854
0.000303094
0.000258956
0.00134032
0.000301069
0.000564354
0.00023172
0.000528388
6.2714e-05
0.00131371
0.000175221
0.00167533
0.000124869
5.3915e-05
7.738e-05
5.1121e-05
0.000850548
0.0026733
0.00254647
0.000391089
0.00133794
0.00244856
0.000213493
0.00227753
0.00104379
0.000542496
0.000457923
0.000329143
0.00017571
0.00213597
0.000975068
0.000181158
0.00014589
0.00102409
0.000921293
0.000870312
0.00246833
0.00249968
0.000321391
0.00337146
0.000979537
0.00258307
0.00124827
0.00196585
0.000268803
0.000716949
0.00117983
0.000251345
0.00189873
0.00266212
0.000465814
0.000564355
0.00320302
0.000605559
0.000298903
0.000378028
0.000126406
0.00198422
0.000652629
0.00118709
0.00124401
0.00084985
0.000683287
0.000452755
0.000687687
0.00248998
0.000261331
0.00205461
0.00202367
0.000646972
0.000367204
0.000627487
0.000525246
0.000262448
0.000610936
0.00031287
0.000327677
0.00212256
0.000288288
0.000702144
0.00160137
0.000213492
0.00130903
0.000912913
0.000719533
0.00045897
0.00146532
0.000876178
0.00273706
0.00269844
0.00128019
0.000138557
0.00141909
0.000809972
0.000956631
0.00158733
0.000791605
0.00217096
0.00277051
0.00117878
0.00294734
0.000259725
0.00139221
0.00109945
0.000523639
0.00205433
0.000848592
0.000685452
0.00177841
0.000602555
0.000329003
0.000223898
0.0001373
0.000314128
0.00115727
0.0022114
0.00175389
0.00579181
0.00317815
0.00165731
0.00466499
0.00365179
0.00351156
0.00377149
0.000781968
0.00394601
0.00162511
0.0031704
0.00292723
0.00300733
0.001677
0.000858998
0.00256156
0.00218891
0.00326126
0.00299881
0.00257245
0.00187576
0.00245289
0.00408038
0.00355569
0.00259397
0.00060912
0.00440086
0.00354508
0.00370766
0.00103715
0.00353551
0.00224946
0.000254417
0.00243523
0.00387352
0.00402262
0.00137251
0.00190488
0.00470046
0.00146679
0.00454382
0.00381102
0.00181277
0.00421943
0.000387596
0.000254207
0.00165654
0.00194923
0.000560514
0.000978349
0.00130784
0.00442314
0.00381402
0.00115839
0.00178874
0.0014596
0.000411202
0.000705006
0.00121747
0.000272435
0.00062225
0.000638801
0.00375731
0.00444765
0.00217683
0.00471583
0.00126615
0.00385013
0.00460479
0.00471611
0.00274837
0.000362246
0.000406523
0.000410574
0.000442279
0.0027981
0.00404567
0.00240296
0.000616314
0.00101159
0.000937425
0.000377121
0.00302975
0.001655
0.00195076
0.00294448
0.000828828
0.00335435
0.00619463
0.00511921
0.000828269
0.000997555
0.00408073
0.0015126
0.00247761
0.0020148
0.00177848
0.00165528
0.00124673
0.0034582
0.00606166
0.00695935
0.0028099
0.00375662
0.00658363
0.00719924
0.000746351
0.00673783
0.00497451
0.00750541
0.00187045
0.00802046
0.00322774
0.00303848
0.00546707
0.00787959
0.00381304
0.0115873
0.00827962
0.00510259
0.0010771
0.00539381
0.00149843
0.00461973
0.00752224
0.00204302
0.00599518
0.00459292
0.00956491
0.00936329
0.00652908
0.00159173
0.00141162
0.00312396
0.00938082
0.003329
0.00222767
0.00791689
0.000900481
0.00224757
0.000462951
0.00747105
0.00959605
0.00645443
0.00788854
0.00555457
0.00851407
0.00111691
0.00164369
0.00318605
0.00307144
0.00430519
0.00240554
0.00668203
0.00704497
0.0064598
0.000747328
0.00110895
0.00276248
0.00154571
0.00731957
0.00113863
0.00237356
0.00799336
0.00179433
0.000700188
0.0026719
0.00300999
0.00171925
0.00153397
0.00792185
0.000552273
0.00335309
0.00396759
0.00606962
0.00912437
0.007103
0.00274572
0.00411572
0.000725749
0.0097902
0.00328123
0.00483197
0.00759019
0.00372463
0.00334115
0.00420762
0.0106132
0.000774635
0.00453013
0.00333403
0.00118451
0.00445583
0.0086601
0.00136874
0.00273315
0.00409945
0.00111258
0.00284063
0.00539262
0.0011255
0.00972379
0.00421342
0.00571094
0.0153088
0.0135637
0.0013524
0.00920734
0.00207661
0.00296885
0.00144661
0.0188755
0.0128651
0.00149452
0.0035948
0.00142098
0.0134818
0.00242775
0.00856072
0.00171129
0.016127
0.000851386
0.00348621
0.00629345
0.00286842
0.00222466
0.00549717
0.00842866
0.00454592
0.0046844
0.00314226
0.00670493
0.00543396
0.00169362
0.00134681
0.0015205
0.00654487
0.00401452
0.0177518
0.0210933
0.00269446
0.00555276
0.000861373
0.00189915
0.0135765
0.00898728
0.00692653
0.0107361
0.00578874
0.0161337
0.00909008
0.0039201
0.0127667
0.013318
0.0175379
0.0043825
0.00902765
0.00111195
0.00282554
0.0190008
0.0110729
0.0138235
0.00330987
0.00630316
0.00928849
0.00242782
0.00415587
0.00452545
0.00409484
0.00432935
0.00529359
0.0150223
0.00717012
0.00138571
0.00722403
0.00309986
0.00769537
0.00888546
0.00603945
0.0137848
0.00403247
0.00110252
0.00810042
0.000825337
0.0038599
0.0124772
0.0152709
0.0169943
0.00885613
0.0199195
0.00558181
0.00559787
0.00547636
0.00931887
0.00165389
0.00274719
0.0159633
0.00972016
0.00981639
0.0152361
0.00163545
0.0226797
0.0306545
0.029659
0.0339768
0.00650667
0.0107938
0.0372591
0.00513206
0.00638019
0.00609847
0.00447908
0.00268252
0.0463217
0.0164372
0.0220012
0.00265815
0.0349081
0.0312984
0.0183715
0.0247009
0.0129739
0.00268804
0.00354424
0.0116374
0.00444751
0.0155525
0.0255072
0.0328319
0.0230746
0.0101403
0.00429925
0.0244166
0.0139142
0.0237996
0.0438019
0.0158162
0.00878406
0.0232406
0.0039838
0.022333
0.0146387
0.0158812
0.00961833
0.0167804
0.0332653
0.00321056
0.021465
0.0241526
0.0304073
0.0376941
0.0125732
0.0161906
0.0288364
0.00221768
0.0156559
0.00430407
0.0268266
0.00899846
0.0176067
0.00846071
0.0240853
0.0428317
0.00651896
0.00852517
0.029211
0.0120318
0.01621
0.018759
0.00621914
0.0176452
0.0195506
0.031121
0.00585871
0.00638613
0.00684335
0.00691626
0.0294379
0.00163866
0.0171687
0.0032681
0.0210441
0.0181338
0.00740945
0.00658677
0.0164459
0.0296396
0.00330924
0.00513911
0.0164113
0.00414854
0.0208868
0.00909162
0.0262388
0.0205657
0.0324221
0.0210751
0.00494811
0.0146231
0.00895425
0.00663593
0.0194435
0.0147981
0.00435519
0.0522022
0.0224367
0.0114377
0.0228065
0.0519525
0.0461883
0.0727099
0.0281091
0.0536604
0.0388128
0.00455416
0.0102805
0.0228805
0.00587073
0.0363918
0.00480711
0.0549384
0.040515
0.0606188
0.0471626
0.0505369
0.0667557
0.00845876
0.0196074
0.0123781
0.0101444
0.0470675
0.0328463
0.046311
0.00764033
0.0594174
0.00430093
0.0228948
0.0205366
0.00455723
0.00805077
0.0169109
0.021802
0.00343229
0.010399
0.0138506
0.0189316
0.0201674
0.0390015
0.00925616
0.0152531
0.0333295
0.00533759
0.0912573
0.0134036
0.00943305
0.004232
0.0100072
0.0101746
0.00731894
0.030414
0.0106513
0.0155251
0.00883141
0.0624295
0.0185336
0.0196813
0.0075823
0.00888818
0.0153441
0.0118137
0.0481339
0.0375763
0.014082
0.041109
0.00584098
0.036638
0.0318792
0.0136088
0.010385
0.0160372
0.0111517
0.032546
0.00689447
0.00818828
0.0335757
0.0375684
0.00328926
0.00640917
0.0260838
0.0379393
0.0389197
0.0285939
0.0304894
0.00409086
0.0347486
0.00468524
0.00731943
0.0609549
0.00443704
0.0549993
0.015985
0.0221857
0.124225
0.103712
0.0776848
0.0860886
0.00857133
0.0557001
0.0789671
0.0281569
0.128033
0.0533815
0.040391
0.0375063
0.0738411
0.055414
0.0349323
0.0717499
0.0133013
0.112941
0.0500833
0.121167
0.072361
0.0712325
0.0681937
0.0305033
0.132813
0.0276744
0.0124181
0.0198306
0.0611755
0.0524293
0.103554
0.111051
0.0104621
0.148203
0.0156074
0.0444536
0.0354479
0.0857929
0.0191597
0.0297433
0.0807337
0.109261
0.0959893
0.0439141
0.0269547
0.0901793
0.01807
0.0579078
0.147645
0.0200693
0.0822684
0.036343
0.0623035
0.00666925
0.0225891
0.00651128
0.0413265
0.144729
0.026624
0.133917
0.0488832
0.0145285
0.0203569
0.0210827
0.136976
0.109926
0.0536409
0.0212059
0.00649479
0.0591473
0.0921383
0.022264
0.072928
0.0227199
0.100682
0.162278
0.027994
0.0157447
0.116796
0.0665427
0.103497
0.00649877
0.0133353
0.111812
0.108192
0.0646292
0.0239457
0.0283002
0.0711174
0.0575057
0.0446928
0.152804
0.023207
0.0713807
0.0582395
0.0144694
0.0316373
0.060126
0.0419474
0.0960955
0.0426748
0.114467
0.102554
0.161128
0.114373
0.236296
0.12406
0.0379975
0.270759
0.183663
0.246505
0.0338273
0.162618
0.10164
0.147036
0.198819
0.117117
0.0357903
0.136635
0.0322682
0.0405502
0.175696
0.0177319
0.0252707
0.0378782
0.0401066
0.0810749
0.127725
0.120196
0.0297713
0.240627
0.110855
0.10689
0.107395
0.19315
0.17663
0.0439099
0.0966596
0.0444813
0.159312
0.06673
0.10179
0.342249
0.0210639
0.0472042
0.0178731
0.179084
0.048859
0.0385563
0.073254
0.0801531
0.0250151
0.221556
0.0277434
0.163678
0.136819
0.164812
0.031969
0.025969
0.247543
0.0178937
0.0558098
0.193139
0.0871467
0.0210014
0.227908
0.0495064
0.181728
0.13773
0.0822588
0.202297
0.0775651
0.134023
0.170425
0.111948
0.099935
0.150458
0.0831965
0.262427
0.225039
0.115989
0.315905
0.0387478
0.0394474
0.105155
0.114442
0.057866
0.0750861
0.0811903
0.110562
0.0247713
0.193505
0.134009
0.0697967
0.0537865
0.0335634
0.193306
0.068943
0.0611467
0.321842
0.290488
0.453726
0.187644
0.208049
0.0771759
0.54396
0.340644
0.533741
0.112869
0.0655405
0.448395
0.0829544
0.0642054
0.194672
0.369559
0.0421817
0.574921
0.210692
0.676644
0.109456
0.0796989
0.321649
0.173437
0.0343458
0.125723
0.0263208
0.382096
0.272424
0.43386
0.0935285
0.0617494
0.144337
0.496676
0.271707
0.297202
0.1202
0.358607
0.125642
0.234778
0.360688
0.58844
0.365377
0.0349365
0.0863225
0.0999744
0.35602
0.461865
0.372935
0.427722
0.303305
0.393338
0.111608
0.174783
0.118721
0.314623
0.169034
0.187986
0.361061
0.175314
0.165765
0.515991
0.367277
0.35137
0.489619
0.204873
0.0673017
0.21653
0.0344624
0.297262
0.333964
0.433255
0.114679
0.379994
0.0897906
0.0606561
0.0727527
0.49013
0.320801
0.510199
0.174741
0.439389
0.21969
0.274207
0.442435
0.385296
0.240617
0.092241
0.226512
0.407454
0.530981
0.17448
0.193285
0.259347
0.300235
0.356694
0.102761
0.20119
0.308898
0.800987
0.160513
0.318365
0.412931
0.530283
0.511366
0.41625
0.703546
0.150463
0.512244
0.480748
0.883251
0.656671
0.963663
0.657677
0.101071
0.0873069
0.568415
0.242921
0.21029
0.268676
0.238808
0.905144
0.127074
0.0701542
0.470024
0.878843
0.0702287
0.230306
0.0522082
0.21047
0.124987
0.693151
0.432148
0.43918
0.69571
0.660992
0.619573
0.0696677
0.675157
0.274443
0.431325
0.085371
0.406684
0.226859
0.289334
0.258673
0.688498
0.936142
0.170165
0.0834023
0.177634
0.554819
0.651207
0.323379
0.822579
0.642361
0.637612
0.0523867
0.606991
0.234933
0.751888
0.451978
0.230243
0.263161
0.05276
0.42062
0.279634
0.212579
0.0896404
0.43094
0.511601
0.463313
0.582195
0.051926
0.183394
0.74313
0.271195
0.285847
0.0522579
0.185145
0.0699462
0.0522691
0.274664
0.489385
0.959799
0.400773
0.632936
0.360862
0.584749
1.15479
0.377168
0.142995
0.431182
0.363223
0.147257
0.739694
0.58367
0.385631
0.471525
1.11976
1.3157
0.177232
0.941956
0.288837
1.11254
1.06441
0.355998
0.369847
0.198745
1.60883
0.508795
0.728233
0.452378
1.23938
1.52842
1.13849
0.558437
0.274658
0.467057
0.626685
1.11283
1.78892
0.436932
1.23785
0.574105
0.872088
0.270176
0.260038
0.511992
0.174055
0.517975
0.893613
1.3666
1.19053
1.06366
1.23789
0.823515
0.324408
0.199364
1.79497
1.22029
0.535835
1.10687
1.00496
0.108734
0.395147
0.946138
0.604806
0.709447
1.00825
0.427562
1.13437
0.208001
0.412248
0.138775
1.47681
1.05102
0.875719
2.31054
1.3073
0.209171
1.60629
1.07459
1.43436
0.418594
0.298669
0.787236
0.831632
0.306564
1.15978
0.487864
0.311718
0.441082
2.27288
0.325843
0.559215
0.772424
0.104243
0.331974
0.250795
2.56474
1.84562
0.435049
0.287466
