3.73e-05
9.2016e-05
0.000116005
7.8529e-05
7.0962e-05
7.924e-05
4.7162e-05
7.5561e-05
0.000101562
6.4975e-05
2.8707e-05
4.5152e-05
8.3583e-05
7.9631e-05
0.000100537
7.9984e-05
0.000131249
0.000100299
3.5826e-05
0.000168814
3.8958e-05
4.4671e-05
2.1571e-05
3.6132e-05
1.8946e-05
3.917e-05
1.133e-05
3.317e-05
4.0267e-05
0.00010469
0.000114306
5.5599e-05
2.1368e-05
3.9095e-05
6.3328e-05
8.5283e-05
3.704e-05
1.861e-05
1.5918e-05
3.8853e-05
4.1137e-05
7.7507e-05
5.4257e-05
3.8981e-05
3.571e-05
6.9267e-05
8.4813e-05
9.2441e-05
6.3484e-05
7.897e-06
4.446e-05
1.3657e-05
1.4867e-05
3.4624e-05
3.4559e-05
2.3871e-05
2.3732e-05
1.4963e-05
3.6883e-05
1.6844e-05
2.0684e-05
2.076e-05
1.7383e-05
7.021e-06
2.314e-05
3.859e-06
1.0416e-05
2.0784e-05
5.776e-06
1.8266e-05
1.4799e-05
1.5095e-05
1.774e-05
1.3248e-05
1.7719e-05
2.5288e-05
3.0068e-05
1.0224e-05
1.0842e-05
2.3764e-05
7.785e-06
2.9352e-05
2.5232e-05
8.661e-06
3.635e-06
5.702e-06
2.6489e-05
1.1958e-05
3.6333e-05
9.984e-06
6.947e-06
1.4296e-05
3.1134e-05
3.622e-06
3.0164e-05
2.7814e-05
4.0991e-05
3.2445e-05
2.3084e-05
1.6762e-05
1.659e-05
0.000146303
7.7997e-05
9.0038e-05
3.0497e-05
6.8985e-05
3.8819e-05
0.000115405
7.1108e-05
0.000123368
1.7571e-05
3.4952e-05
0.000120689
3.4408e-05
8.045e-05
0.000111862
9.0039e-05
7.3013e-05
3.021e-05
4.9219e-05
1.9107e-05
4.3287e-05
1.2854e-05
1.015e-05
8.4938e-05
2.459e-05
0.000100095
4.1773e-05
6.9342e-05
1.65e-05
6.3792e-05
5.2365e-05
1.6339e-05
2.4303e-05
1.119e-05
7.3282e-05
5.5205e-05
4.3585e-05
5.1012e-05
0.000104475
5.0816e-05
9.0544e-05
3.3901e-05
0.000119669
3.7026e-05
2.1595e-05
0.000128647
4.3122e-05
6.8606e-05
5.3474e-05
4.8004e-05
2.7069e-05
0.000105541
5.1539e-05
9.0976e-05
2.2534e-05
6.4868e-05
3.7553e-05
5.0084e-05
1.8569e-05
6.7902e-05
0.000100361
7.5801e-05
9.8312e-05
2.898e-05
1.5369e-05
4.1724e-05
4.8133e-05
0.000120338
9.3365e-05
3.1791e-05
3.5113e-05
1.0209e-05
0.000103398
0.000115722
5.2736e-05
1.6038e-05
2.1175e-05
3.1312e-05
4.6957e-05
9.2594e-05
1.5976e-05
0.000260335
5.254e-05
6.4535e-05
8.068e-05
9.4247e-05
5.3806e-05
5.7399e-05
6.449e-06
5.7001e-05
0.000111784
2.719e-05
1.1641e-05
3.9738e-05
1.2098e-05
3.7407e-05
4.1259e-05
9.7638e-05
6.4252e-05
0.000250606
0.000209085
6.9488e-05
4.8023e-05
0.000141331
3.1438e-05
0.000120834
0.000231311
0.000163236
0.000278484
3.2785e-05
2.1025e-05
8.4791e-05
0.000215209
3.2815e-05
8.6115e-05
7.2731e-05
7.6604e-05
3.9929e-05
7.9625e-05
2.1868e-05
0.000300606
1.5773e-05
9.2274e-05
0.000414867
0.000258951
0.000132458
0.000142119
9.9745e-05
6.3411e-05
7.2096e-05
0.000124018
6.7134e-05
0.000118578
0.000280039
3.5284e-05
6.4153e-05
0.000124275
7.2993e-05
1.6662e-05
5.0133e-05
0.000122983
0.00013746
0.000129621
4.8922e-05
0.00022683
7.4193e-05
8.629e-05
9.1257e-05
0.000210661
2.9023e-05
0.000124155
0.000156236
5.9293e-05
9.0526e-05
0.000154979
0.000162433
0.000127858
0.000230204
1.7686e-05
0.000139655
9.8519e-05
0.00021359
0.00015131
0.000159771
0.00019746
7.5482e-05
2.9785e-05
0.000320003
8.2828e-05
4.8308e-05
8.3754e-05
0.000117335
0.000121206
0.000242685
0.000105973
0.000196013
0.000353427
3.9672e-05
0.00020481
5.5613e-05
0.000132295
2.9816e-05
7.1902e-05
0.000148685
5.7171e-05
5.8631e-05
0.00015691
0.000143057
3.3836e-05
0.000297907
0.000241883
0.000190194
0.000119838
1.4893e-05
0.000178431
0.00018533
5.1134e-05
0.000112704
0.000112422
6.0525e-05
8.5378e-05
0.00027374
0.000199675
4.2159e-05
0.000147452
0.000631309
0.000202003
0.000375423
3.8686e-05
8.6634e-05
0.000201036
9.01e-05
0.000296547
0.000307732
0.000140786
9.0963e-05
0.000531227
0.0004493
0.000464094
0.000427709
0.000448633
0.000297648
0.000336547
0.000248438
0.000119801
0.000137122
0.000170574
0.000338647
0.000515555
0.0001676
0.000389054
0.000251087
0.000149002
0.000300078
0.000140678
0.000269813
9.927e-05
0.000182647
0.00045511
0.000185457
7.8092e-05
0.000196298
0.000129719
0.000556753
0.000568305
0.000289318
0.00041247
9.8504e-05
0.000222946
0.000155504
0.000259466
0.000661778
7.3707e-05
0.000123115
0.000250694
0.000134266
4.043e-05
0.000182731
0.000238089
6.2583e-05
8.1174e-05
0.000551055
0.000395553
9.49e-05
0.000375934
9.901e-05
0.000197434
9.1354e-05
0.000392572
0.000217806
0.00023824
0.000515547
7.3047e-05
0.000151179
0.00041091
6.9524e-05
6.3892e-05
0.000108549
0.000132601
0.000392599
0.000134966
0.00026952
0.000244338
0.000394554
0.000396602
0.000515532
0.000155678
0.000219464
0.000135516
0.000471634
0.000388481
0.000116276
0.000112586
0.000153384
7.9224e-05
0.00013567
0.000234195
0.000166123
9.0466e-05
0.000951677
0.000280066
0.000194237
0.000859432
0.0011888
0.000231876
0.000274847
0.000391664
0.000184906
0.000109445
0.000426369
0.000137222
0.000460273
0.000474345
0.000702034
0.000614064
8.9982e-05
0.000136513
0.000170289
0.000244878
0.000138925
0.00050579
0.000241163
0.000477256
0.000596061
0.000830195
0.000418588
0.000111063
0.000251629
0.000197774
0.000202293
0.000426265
0.000509068
0.000188402
0.000677484
0.000593476
0.000330582
0.000377221
0.00033328
0.000541941
0.000497583
0.000187235
0.000711576
0.0001782
0.000356024
0.000653108
0.000380391
0.000342989
0.000403358
9.2312e-05
0.000382205
0.000641838
0.000387079
0.000471056
0.000390604
0.000219696
0.000369939
0.000241476
0.000715293
0.000203681
9.5285e-05
0.000220682
0.00069619
0.000406904
0.000245286
0.000640891
0.000603399
0.000254073
0.00109335
0.000164022
0.000802836
0.000102078
0.000119923
0.000827301
0.000657014
0.000356894
9.5039e-05
0.000384074
0.000822162
0.000312703
0.000182874
0.00110702
0.000634901
0.000433892
0.000155272
0.0005388
0.000172575
0.000421799
0.000484903
0.000101123
0.000143974
0.00119881
0.000183603
0.000486516
0.000541833
8.2396e-05
0.00018864
0.000390112
0.000270274
0.00042543
0.00162117
0.000657699
0.000132532
0.0012956
0.0018348
0.000141788
0.000348539
0.000589175
0.00127213
0.00161133
0.00149775
0.000319649
0.00118393
0.000285478
0.00153283
0.000862676
0.000767535
0.00086704
0.00111624
0.000232234
0.00183259
0.000562557
0.00129024
0.00113697
0.000404659
0.000240527
0.00110005
0.000478518
0.000356878
0.000464057
0.000499195
0.000343614
0.000755865
0.00151919
0.00148076
0.00217183
0.00137584
0.000952203
0.000627926
0.000344558
0.000866699
0.00137234
0.000680184
0.000467388
0.000611358
0.000571873
0.000331567
0.00073074
0.00030754
0.00122529
0.000740337
0.000590044
0.00183846
0.000783649
0.000297874
0.000955188
0.00014948
0.00106495
0.00136052
0.000924423
0.00138357
0.00059823
0.0012832
0.000914079
0.000208942
0.00179768
0.000179737
0.00127059
0.000381598
0.001123
0.00197272
0.000674172
0.000917026
0.00126053
0.00133198
0.0017862
0.000775221
0.000342256
0.000205969
0.00116074
0.000254769
0.00156851
0.000648545
0.00202893
0.000147833
0.000150488
0.000425778
0.00043957
0.000392526
0.000799559
0.00128644
0.000986768
0.00141745
0.000570021
0.00120359
0.000478621
0.00172536
0.000190151
0.00171032
0.000416325
0.000407608
0.00182687
0.000913037
0.00251517
0.000230271
0.00271778
0.00177026
0.00250038
0.00313888
0.00300471
0.00188287
0.00189651
0.00238843
0.00153664
0.00297006
0.00178675
0.00139516
0.00207645
0.00138976
0.00114221
0.00184627
0.000763583
0.000342256
0.00036977
0.00176532
0.00268338
0.00140936
0.000502904
0.00176399
0.000688433
0.00115592
0.00141855
0.00410256
0.000447825
0.00168074
0.00195926
0.00278468
0.00302847
0.00312505
0.00039668
0.000490718
0.0023874
0.00124527
0.00191063
0.000236951
0.00282239
0.0021217
0.00274611
0.000782202
0.000790727
0.00170098
0.00114556
0.00023022
0.000534641
0.00184491
0.00151411
0.00217501
0.00109433
0.00299023
0.00152512
0.00150836
0.00124639
0.00298341
0.00241259
0.00141021
0.00153773
0.00135165
0.00244963
0.00111077
0.00138799
0.000360237
0.000742974
0.00116973
0.000974584
0.00224315
0.00263119
0.000356096
0.00152197
0.00432216
0.000414262
0.00288389
0.00317828
0.000520252
0.000295783
0.00317514
0.000868048
0.000241324
0.00268587
0.00152552
0.00359435
0.00133042
0.00228165
0.00405508
0.00374058
0.00031918
0.00339903
0.00079039
0.00172166
0.00301818
0.00167047
0.00179174
0.00694924
0.00398613
0.00403761
0.00455915
0.000597151
0.00646356
0.000861558
0.00136733
0.00558799
0.00551562
0.00769571
0.00520778
0.00505515
0.00118
0.00419957
0.00634243
0.0032293
0.00389207
0.00693186
0.0080283
0.00279992
0.000970605
0.00467458
0.00412446
0.000987146
0.00550349
0.00378595
0.00401242
0.000821787
0.0041827
0.00450809
0.000861339
0.00199049
0.00145545
0.00361087
0.000683621
0.0026924
0.00510229
0.00973208
0.00352892
0.00383723
0.00242975
0.00507893
0.000968051
0.00294832
0.00456068
0.00430045
0.00542744
0.0020935
0.00497465
0.00137578
0.00172433
0.00281208
0.00378556
0.00321662
0.00466228
0.00473863
0.00148316
0.00119834
0.00186086
0.000852204
0.00731079
0.00140718
0.00272644
0.00125452
0.00364043
0.0012641
0.00125035
0.00110155
0.00345022
0.00354913
0.00156333
0.00404345
0.00602089
0.0046074
0.0014183
0.00196461
0.00551171
0.00334277
0.00712057
0.00181124
0.00140357
0.00441228
0.00111877
0.00461835
0.00465254
0.00131449
0.00136052
0.000540938
0.00185102
0.00377342
0.00377448
0.00603316
0.00343152
0.00299259
0.00132527
0.00388732
0.00135144
0.00361162
0.009076
0.00805577
0.00762062
0.00261504
0.0104279
0.0133581
0.00867617
0.00235899
0.00228874
0.00123087
0.00174402
0.0065188
0.00828994
0.00258251
0.00303038
0.00277989
0.00269929
0.00245726
0.00380066
0.00202426
0.014154
0.00735366
0.00221639
0.0136122
0.00342962
0.00148835
0.00735425
0.00172607
0.0119045
0.00146631
0.00622262
0.00864455
0.00528176
0.00483086
0.00659088
0.00329488
0.0115193
0.0078502
0.0125252
0.00370797
0.00607032
0.0029499
0.00411309
0.00451924
0.00543396
0.00763671
0.00102699
0.00671176
0.0049495
0.000832702
0.00922497
0.00542429
0.00870454
0.0084577
0.00366681
0.0114212
0.00532829
0.00794578
0.00468863
0.00730665
0.00910726
0.00250253
0.0115296
0.00784283
0.00326698
0.00297714
0.00384905
0.0102817
0.00873388
0.00476908
0.00442366
0.0123323
0.00594564
0.0073427
0.00223223
0.00698376
0.0018783
0.0131733
0.00592992
0.00933515
0.014339
0.00721203
0.00756109
0.00733531
0.00672404
0.00598436
0.00492916
0.0114871
0.00828661
0.0142391
0.0104232
0.0169906
0.00139027
0.0136434
0.0111847
0.01336
0.00518517
0.0118749
0.0021914
0.00997495
0.0187827
0.00280885
0.0196105
0.0205162
0.00247602
0.0308223
0.00457516
0.0124218
0.00619349
0.0109421
0.00584712
0.0115765
0.0187505
0.0236315
0.00161789
0.00890738
0.0272723
0.0022171
0.00844165
0.0084314
0.0168483
0.00610041
0.02007
0.00697639
0.00265413
0.00850375
0.0287596
0.0274412
0.0173936
0.00269404
0.00321629
0.00834741
0.0277862
0.00576216
0.0293026
0.00493677
0.0137744
0.00441185
0.0127522
0.0221229
0.0277
0.0210564
0.0175934
0.0183127
0.0168394
0.0288105
0.0215338
0.0110653
0.00214474
0.00225924
0.0192743
0.0104635
0.00459301
0.00358974
0.00652811
0.0157562
0.0297657
0.00310978
0.0060719
0.0167704
0.0124993
0.0164782
0.038983
0.0290971
0.019833
0.0242953
0.01092
0.0187529
0.0101307
0.0175388
0.00242531
0.0162003
0.0178537
0.013183
0.00448818
0.00268197
0.0392073
0.00561373
0.0210078
0.0031766
0.0216827
0.00383177
0.0153814
0.0267756
0.0215763
0.00303593
0.00796809
0.00811541
0.00398919
0.014939
0.0286735
0.0174653
0.0133511
0.00320971
0.00266957
0.00750896
0.0245299
0.0172076
0.00786349
0.00509152
0.0561794
0.00490267
0.00861386
0.0173454
0.0468214
0.0570457
0.0409712
0.0135212
0.00326062
0.012603
0.00838494
0.0413779
0.00567001
0.0479955
0.0572798
0.0192063
0.0259763
0.00658258
0.0498025
0.0168485
0.0498018
0.0238224
0.0283653
0.0292663
0.00792164
0.0180501
0.0131367
0.0348478
0.012594
0.0168494
0.0140434
0.00588102
0.0306764
0.00740195
0.0295839
0.00412771
0.0265173
0.0137403
0.00882092
0.040676
0.0293045
0.0152918
0.00436294
0.0547261
0.0317797
0.0493072
0.0327204
0.0209583
0.00629602
0.033598
0.00339885
0.0199989
0.00896727
0.0475684
0.0424931
0.00851627
0.00597101
0.0539472
0.0296185
0.0388336
0.0294681
0.0105871
0.00425957
0.0112046
0.0561278
0.00739197
0.0231824
0.0217317
0.00443652
0.0268304
0.0442066
0.0518069
0.00502172
0.013702
0.0178186
0.0406775
0.00529601
0.028499
0.0323236
0.057378
0.0148094
0.0328964
0.0168033
0.00751162
0.0349892
0.0295986
0.00359236
0.0180947
0.048547
0.0151647
0.00734091
0.00740749
0.0618343
0.00839488
0.0277516
0.0113527
0.00529963
0.0166983
0.0304618
0.0379913
0.0456966
0.0478327
0.0207613
0.0237214
0.101437
0.0204371
0.039791
0.0726989
0.0601468
0.0313249
0.0328203
0.0420554
0.0251511
0.0904615
0.065892
0.118613
0.0687424
0.0806994
0.0804432
0.0176937
0.0526498
0.0180783
0.0234822
0.0855679
0.00632388
0.0580285
0.0687725
0.0467743
0.0924531
0.0467014
0.0874141
0.0691632
0.0309921
0.0733306
0.12154
0.0319195
0.0073151
0.136819
0.105427
0.0796584
0.0851503
0.0227118
0.102948
0.0296573
0.00841853
0.0142188
0.0186983
0.0361028
0.0632059
0.0443713
0.027697
0.0941274
0.0128278
0.0635977
0.0513347
0.0522634
0.0355859
0.0868648
0.0639679
0.0350916
0.0500632
0.043219
0.0764003
0.0428543
0.084233
0.0531765
0.0450446
0.0311435
0.0416534
0.11065
0.0249088
0.027955
0.045403
0.0219794
0.0439372
0.0209772
0.0506183
0.101893
0.0482482
0.0343733
0.0125858
0.097914
0.0809756
0.00656179
0.0573677
0.011429
0.0306458
0.0526919
0.00680674
0.0649419
0.00880986
0.0258011
0.0275799
0.0453117
0.0470081
0.0740326
0.031485
0.0224484
0.00677265
0.0649249
0.155589
0.0133574
0.0214109
0.136027
0.092071
0.0901287
0.107272
0.232045
0.0404887
0.182329
0.0281425
0.142696
0.104038
0.0925681
0.0498485
0.1828
0.0479293
0.140735
0.0456649
0.207525
0.105917
0.0602289
0.0576675
0.146242
0.0573314
0.193062
0.248133
0.021837
0.112332
0.160276
0.0251547
0.196224
0.180796
0.0606627
0.0989075
0.021038
0.0818679
0.218577
0.0845701
0.10263
0.0128942
0.0799736
0.175149
0.0944356
0.103897
0.0422728
0.15637
0.027337
0.0128034
0.096781
0.161597
0.0288276
0.0582106
0.0987902
0.0260661
0.166864
0.187925
0.141743
0.091033
0.0499489
0.146165
0.0405662
0.0226355
0.155335
0.152476
0.116233
0.102967
0.186805
0.114658
0.0250437
0.121606
0.0289428
0.0286153
0.130258
0.188096
0.0556739
0.0479188
0.018384
0.145963
0.118609
0.085463
0.0274213
0.0236079
0.0171297
0.143017
0.100455
0.0177539
0.156505
0.139668
0.093375
0.156967
0.111673
0.0596956
0.017314
0.0948163
0.0604856
0.0636037
0.0296111
0.0518458
0.150882
0.0973894
0.0449468
0.109405
0.0431543
0.251893
0.0341238
0.16747
0.228162
0.279603
0.281164
0.147367
0.0993171
0.109452
0.180363
0.19249
0.362054
0.0279481
0.317584
0.10162
0.150318
0.233759
0.164121
0.33803
0.319063
0.147866
0.0350827
0.434416
0.0978169
0.10994
0.187674
0.0386391
0.082525
0.173854
0.0763183
0.179786
0.474974
0.432361
0.135493
0.130084
0.202067
0.0981547
0.175177
0.0817904
0.0399888
0.161058
0.337827
0.159292
0.141295
0.278346
0.420033
0.173092
0.176667
0.0365429
0.132128
0.388143
0.0396238
0.0692335
0.359488
0.154584
0.101287
0.0812162
0.0276116
0.045746
0.189219
0.322335
0.0898663
0.166522
0.152651
0.183476
0.0909767
0.197749
0.387398
0.409588
0.238721
0.389005
0.358905
0.128703
0.433057
0.355405
0.0753065
0.30242
0.172219
0.0861154
0.0738678
0.453073
0.232657
0.508384
0.329308
0.400797
0.336872
0.228592
0.276231
0.0799294
0.0432526
0.095631
0.356658
0.377378
0.169533
0.276972
0.416866
0.462846
0.0892882
0.587311
0.610198
0.565447
0.0538857
0.051625
0.0882484
0.473612
0.0501592
0.513546
0.148209
0.560085
0.287675
0.489295
0.264962
0.0724825
0.216098
0.388375
0.0921879
0.0689762
0.348885
0.375296
0.596583
0.0794263
0.20571
0.665254
0.307974
0.253235
0.503732
0.571172
0.0854551
0.0696899
0.488522
0.164117
0.462971
0.707588
0.416514
0.402091
0.574215
0.711572
0.399518
0.528941
0.124011
0.268375
0.244709
0.396427
0.74582
0.319688
0.131793
0.571523
0.0649465
0.298889
0.616325
0.596264
0.613198
0.312482
0.60168
0.707977
0.352079
0.581786
0.364847
0.196252
0.392604
0.316261
0.113663
0.389948
0.265373
0.540429
0.0867257
0.198207
0.368763
0.0674271
0.579325
0.102631
0.058618
0.619188
0.221172
0.438945
0.215919
0.202991
0.784409
0.321581
0.222729
0.228821
0.23347
0.450441
0.22838
0.0781195
0.810574
0.173811
0.0520598
0.370455
0.251831
0.120795
0.585341
0.252132
0.151721
0.523526
0.367732
1.43512
1.44202
1.40387
0.424819
0.859315
0.351817
1.11725
0.646265
1.54913
1.06512
0.96637
0.9632
0.663589
1.44984
0.504982
0.851948
0.419283
0.203956
0.927274
0.336186
0.760531
1.17418
1.10699
0.770121
0.172097
1.451
0.543333
0.895239
0.329102
0.758497
0.183045
0.539022
0.243047
1.03329
0.638655
0.80614
0.533877
1.09182
1.20595
0.602005
0.486154
0.459235
0.296548
0.858638
0.826573
0.212015
0.996026
0.441007
0.103702
0.10371
0.136337
0.592135
1.29758
1.64913
0.856199
0.105806
0.499967
1.33894
0.82807
0.756514
0.772638
0.877011
1.29859
0.683056
0.312393
0.865765
0.182712
0.663391
1.9334
1.74381
0.500469
1.37763
1.89953
0.825199
0.627748
1.12701
0.375244
0.964145
1.15905
0.103039
1.5742
0.856569
0.294711
1.16062
0.173071
1.10087
1.51257
0.930685
0.866716
0.134616
1.00583
0.538068
0.791426
0.328594
0.594395
0.703398
1.36816
1.44385
1.46336
0.340719
1.889
0.97427
2.00144
3.37109
1.88863
1.73286
1.19628
0.964492
1.90615
0.688514
1.37039
2.02197
2.25556
0.831976
1.54183
2.43687
0.852927
2.04813
0.434144
2.10303
2.77368
2.51434
1.88764
1.93275
3.0006
0.440453
0.255615
1.69988
0.805582
0.696536
0.623846
1.66199
2.4043
1.60012
1.85283
2.35446
0.535485
0.762185
2.62222
1.32524
1.75339
1.39076
3.17553
4.26433
2.7742
2.28683
2.89479
0.365839
0.748273
0.417856
1.94302
1.13936
0.725971
0.967679
1.27541
3.06095
3.23573
0.568928
1.77249
3.1843
2.14323
0.722928
1.97073
1.26752
0.930049
0.797818
1.80635
0.590653
2.02008
0.651978
0.466394
2.94654
0.797043
1.10171
1.80021
0.402322
1.00119
1.41238
3.01718
2.16978
1.19697
3.42404
0.492282
2.45448
3.4295
1.1956
1.03777
2.02537
3.00727
0.409444
0.972865
2.51463
0.34785
2.11545
0.867947
0.415336
1.87719
1.46524
0.895303
3.28638
2.5291
2.99379
0.426993
0.561389
5.25956
0.889825
2.89906
4.60493
0.826062
1.31486
3.59114
1.94241
3.69505
2.86559
2.69099
3.93989
4.20763
0.442717
4.65362
4.66587
5.78139
1.10871
1.86734
2.56552
1.43285
3.37013
2.32153
3.33064
1.19347
5.11065
1.69289
1.9887
0.841366
1.69941
0.421634
0.562408
7.92779
1.5423
4.05396
3.97776
3.11535
8.78776
2.47016
4.83617
3.91859
1.31229
1.90148
1.46773
4.43295
0.702727
5.09909
0.677237
1.66137
4.01151
1.40068
3.32415
2.49306
3.67792
0.504091
5.35289
4.05952
5.89254
2.30134
4.18966
2.45632
1.64786
5.80753
3.07609
4.92853
4.14419
4.4222
1.9448
1.49318
2.60837
1.71264
1.39418
1.96773
4.10589
3.43719
3.55356
0.568188
2.49513
1.01105
1.30043
2.10841
1.76259
1.9675
0.419641
1.98884
1.71315
0.56257
6.50713
4.61811
1.64899
4.49921
2.62682
6.00614
0.779069
4.93791
4.7673
12.0992
2.48152
1.72404
8.50102
4.02425
5.58867
8.96942
4.6468
3.96194
14.1651
11.3008
5.15368
4.79698
4.1578
5.14643
6.0303
16.4405
3.10889
1.90386
12.4015
8.54481
5.58457
7.8625
5.7117
1.85093
9.87097
2.17271
10.357
5.57548
14.4815
9.21876
12.6069
3.05026
7.1126
5.57784
3.03387
8.26728
3.95253
3.42643
5.62585
8.98106
1.1372
0.888776
14.0687
4.30393
6.57765
8.67458
6.79695
7.71529
7.52855
10.286
0.906123
7.80751
3.31831
8.11544
3.71843
5.66135
9.50058
6.14551
4.02166
10.5078
9.95274
8.00304
10.7364
6.2288
11.8529
2.34471
8.99077
6.302
2.12345
3.23356
10.6184
4.90849
7.12879
6.86566
1.12915
4.52434
12.2788
1.4243
1.162
14.9383
4.9168
1.76113
10.5231
3.35989
8.46101
6.05866
6.56293
8.82034
5.4968
4.23924
8.67741
2.05259
6.58192
0.984886
2.68156
1.32355
7.34519
2.6238
3.49306
20.278
25.4645
7.53002
20.188
2.33978
7.56514
24.2997
9.72396
29.828
8.42291
22.0813
13.1676
10.1774
14.3962
18.8522
22.5877
11.9569
4.41803
20.0013
28.2387
24.2756
11.2973
2.7684
7.29187
20.2252
24.2624
13.131
2.62707
4.01321
8.8845
25.4894
13.9994
15.6125
20.8894
1.94208
2.70824
16.0612
14.6107
2.689
9.43546
11.798
9.52035
10.7216
7.05329
3.29111
14.1331
8.83626
5.61582
23.9427
11.971
11.7636
15.4861
4.5779
3.49376
1.91995
17.7235
17.9772
26.5774
7.32871
8.09195
9.10171
21.4134
7.51975
10.669
9.70095
12.8742
3.70087
5.25031
23.8078
4.0362
4.28371
27.0834
1.84117
10.7421
12.8252
6.32093
2.95136
24.6278
24.7525
11.5287
21.4086
23.1739
12.1958
21.8653
29.0791
2.56863
7.4513
20.135
16.2252
12.0433
24.8348
17.2259
26.2244
5.88394
18.1029
22.8292
2.90285
5.17997
21.4479
7.0795
10.9347
33.4913
3.6709
9.0379
8.0691
16.2939
4.98788
39.8912
33.7346
20.9372
30.4326
3.99964
15.1789
47.859
20.5269
49.3703
17.0711
18.7066
39.8673
24.7658
35.5149
24.2412
43.3837
41.7338
9.40852
7.55639
26.622
26.9902
21.0143
19.8528
18.6163
18.4551
19.9251
5.12413
3.84943
39.9738
22.1909
4.85065
38.9045
50.4702
8.64143
10.9549
41.1318
37.8564
5.01255
32.1994
9.91946
26.5814
56.0588
54.0761
17.4758
13.0081
27.133
38.8043
4.90717
52.5093
32.3309
43.1253
60.9209
5.1256
32.5984
28.452
30.7282
41.9133
32.2136
45.8449
46.8017
56.0865
27.0117
8.2127
18.3368
45.3975
20.9106
6.93974
20.6512
28.0152
52.6137
42.2064
7.41587
41.7959
26.7615
31.9723
16.4802
32.0461
18.4865
45.7112
5.97745
54.0866
16.5244
9.52446
19.1354
22.9685
53.3495
6.1092
23.2272
9.19913
52.0984
20.7237
42.9636
13.1456
93.7667
102.302
84.5877
31.9009
44.7375
14.8699
30.3306
25.1633
18.9782
51.3914
45.1561
29.6453
12.0004
92.0731
53.4493
23.6321
15.528
67.4525
136.54
116.303
20.9592
58.784
53.3559
90.5276
113.41
57.0966
68.9858
61.632
58.8807
47.147
70.9392
75.3525
23.4954
9.25704
32.911
38.4381
61.7661
45.6954
59.4729
10.8305
57.4659
11.0877
54.0415
59.8789
85.9221
27.2423
28.9778
6.4598
55.0159
40.6852
76.249
47.1752
6.60135
9.3331
81.9222
21.8153
44.8414
14.1408
74.2072
84.8824
77.2325
108.306
18.176
74.4429
60.1021
6.84652
57.0588
32.3703
17.4084
47.2533
42.726
57.3379
62.6975
103.656
30.7959
97.9565
46.4382
32.6537
113.814
33.8199
6.85427
18.9615
38.5199
39.8962
87.3785
29.1207
9.07711
25.0773
66.9596
101.219
6.70847
104.841
21.0776
101.15
40.7306
50.8151
11.146
52.3017
82.9706
70.9999
136.03
57.431
157.971
38.388
69.0081
52.5669
131.868
155.517
82.86
108.344
171.736
102.465
79.2794
101.465
79.1696
126.289
132.587
38.2993
140.654
152.914
48.2492
40.573
277.339
121.771
25.3661
93.7603
80.9131
15.1116
81.3235
112.452
118.628
153.522
121.614
163.742
42.8439
57.5884
29.5168
187.981
122.185
30.7959
160.155
63.7114
138.829
74.0101
112.528
85.3945
172.576
144.799
67.3708
36.6606
160.069
43.7018
82.6492
128.048
68.085
44.7531
34.9314
154.113
35.5209
36.9172
131.159
157.141
181.885
93.2249
161.572
27.9959
127.884
135.217
35.2142
65.9798
132.986
134.363
175.11
76.0259
115.536
113.632
160.093
98.7796
131.382
26.8046
40.9248
17.0511
99.6017
88.27
151.901
99.6813
90.1679
91.527
78.5675
140.229
18.6298
115.367
125.257
174.833
53.0788
51.2443
42.4219
173.866
53.8056
56.168
