1.6343e-05
1.2083e-05
2.7657e-05
1.0895e-05
1.7949e-05
1.0406e-05
1.767e-05
1.1873e-05
7.682e-06
2.5911e-05
1.5575e-05
2.3816e-05
2.5982e-05
2.2e-05
4.54e-06
1.4806e-05
1.774e-05
6.496e-06
9.568e-06
8.59e-06
1.4667e-05
5.238e-06
2.2349e-05
2.8985e-05
1.1803e-05
1.8508e-05
1.5784e-05
5.448e-06
1.32e-05
8.102e-06
1.292e-05
2.4864e-05
1.5295e-05
2.4305e-05
2.5144e-05
2.3118e-05
7.613e-06
2.7029e-05
2.7028e-05
1.7111e-05
2.0464e-05
2.7728e-05
1.5994e-05
6.635e-06
4.4e-06
1.2572e-05
9.638e-06
4.61e-06
2.8286e-05
1.2082e-05
5.098e-06
2.9194e-05
2.6052e-05
2.3886e-05
1.6553e-05
2.1581e-05
1.9067e-05
9.359e-06
2.6889e-05
5.937e-06
1.2293e-05
2.4165e-05
3.631e-06
1.5086e-05
1.327e-05
1.781e-05
2.4235e-05
6.915e-06
1.7251e-05
8.032e-06
2.0604e-05
8.312e-06
9.01e-06
3.1568e-05
1.5784e-05
2.1441e-05
2.6191e-05
1.0127e-05
1.2781e-05
3.701e-06
2.5632e-05
2.3886e-05
1.0058e-05
2.2628e-05
1.6273e-05
1.7461e-05
2.3537e-05
5.867e-06
6.007e-06
1.1174e-05
1.2292e-05
7.194e-06
2.8146e-05
1.0057e-05
7.124e-06
2.8216e-05
2.4933e-05
1.9137e-05
7.473e-06
4.4e-06
7.7035e-05
1.8019e-05
4.5397e-05
5.5105e-05
2.668e-05
7.3614e-05
3.6877e-05
2.8007e-05
3.4921e-05
5.2731e-05
5.329e-05
5.8527e-05
2.5841e-05
5.4268e-05
5.168e-06
5.4757e-05
5.5524e-05
5.2103e-05
2.1861e-05
3.1568e-05
1.4806e-05
3.8971e-05
4.1836e-05
8.1645e-05
3.0032e-05
3.7156e-05
5.8947e-05
3.0661e-05
1.2153e-05
5.4057e-05
6.495e-06
4.875e-05
7.613e-06
5.0356e-05
1.4178e-05
3.6109e-05
6.0623e-05
3.9601e-05
2.3816e-05
1.1804e-05
6.0204e-05
2.2559e-05
2.5981e-05
4.7352e-05
2.9753e-05
1.4807e-05
4.3162e-05
7.5849e-05
3.7226e-05
2.9194e-05
1.6552e-05
6.7328e-05
5.6292e-05
5.4476e-05
4.8541e-05
3.527e-05
3.0591e-05
5.8179e-05
7.962e-06
7.752e-06
2.2908e-05
6.209e-05
9.289e-06
6.5372e-05
8.6744e-05
4.0648e-05
3.4223e-05
1.6762e-05
1.8858e-05
5.4128e-05
6.0484e-05
6.5931e-05
2.668e-05
6.2718e-05
0.000108115
3.5131e-05
9.5963e-05
7.8572e-05
4.0089e-05
5.8737e-05
8.87e-05
7.7036e-05
1.6902e-05
6.5372e-05
1.4178e-05
2.4794e-05
3.2826e-05
8.6604e-05
3.0591e-05
9.918e-06
3.1918e-05
6.1321e-05
3.7505e-05
5.5455e-05
6.077e-06
7.2077e-05
3.8902e-05
5.1404e-05
5.3988e-05
4.1556e-05
7.753e-06
0.000171463
0.000265679
9.4566e-05
4.7213e-05
3.527e-05
8.5976e-05
9.2401e-05
0.000126344
0.000114261
0.000152535
0.000150929
1.8788e-05
9.918e-06
9.7989e-05
3.0241e-05
0.000165665
1.9486e-05
5.8876e-05
4.7632e-05
6.6629e-05
3.2686e-05
4.0578e-05
3.0172e-05
0.000239558
8.7023e-05
4.6655e-05
0.000127601
7.4242e-05
5.3849e-05
8.3391e-05
0.000116845
0.000135843
0.000123131
0.000110979
9.6103e-05
0.00020373
0.000179424
0.000255412
1.7879e-05
0.000192834
4.2255e-05
2.2349e-05
0.000142338
4.2604e-05
4.0858e-05
2.4933e-05
0.000124808
0.000166853
3.0032e-05
3.3664e-05
5.9296e-05
0.000149601
9.8897e-05
0.000100572
4.6096e-05
9.2121e-05
0.000127462
0.000137589
1.0406e-05
5.8318e-05
3.0172e-05
0.000112446
1.5435e-05
7.1798e-05
1.9905e-05
0.000162662
2.668e-05
9.8547e-05
0.000157214
2.7378e-05
0.00012795
0.000153862
6.1182e-05
9.0934e-05
7.543e-06
3.8623e-05
0.000217139
6.5163e-05
9.2541e-05
8.7024e-05
9.8477e-05
9.5334e-05
9.5544e-05
2.1093e-05
0.000110281
9.6522e-05
0.000211343
4.875e-05
2.5772e-05
2.4654e-05
7.6338e-05
0.000101411
6.1251e-05
0.000164269
0.000111956
2.0953e-05
8.1227e-05
7.6897e-05
0.000143316
0.000157633
3.1359e-05
9.3379e-05
7.9759e-05
0.00028754
0.000157424
0.000151767
3.2756e-05
0.000319179
0.000161405
0.000304092
7.4661e-05
0.000123132
0.000380639
0.000308283
0.000301229
0.000222866
7.1798e-05
0.000254365
0.000203939
0.000116846
0.000121805
0.000146179
0.000218605
7.9061e-05
1.4876e-05
0.00018585
3.2197e-05
0.000144434
0.000182637
0.000214415
0.000229781
3.0591e-05
0.000182498
0.000122853
0.000196046
0.000279997
0.000140872
0.000214415
9.429e-06
0.000277622
9.9664e-05
0.000272734
0.000308981
4.2115e-05
8.171e-06
0.000197024
0.000253667
0.000111957
0.00013724
0.000136611
3.8483e-05
0.000270428
0.000172999
0.000165037
0.000157284
1.5645e-05
0.000246473
0.000110141
5.6642e-05
0.000262537
0.000121385
0.00016811
0.000139405
0.000334194
4.854e-05
0.000269102
5.9715e-05
0.000186688
0.0002698
0.000290613
0.000106789
0.00031841
0.000183894
0.000232784
2.1162e-05
0.000255203
0.000250175
0.000183895
0.00011929
0.000240327
0.000383223
0.00020764
0.000214206
0.000323089
4.7283e-05
0.000267634
0.000418913
0.000199818
2.2838e-05
0.000124738
5.5036e-05
0.000314569
0.000239978
2.5842e-05
6.4814e-05
0.00017279
1.4108e-05
0.000272104
0.000366182
0.000467663
0.000523257
0.000354309
0.000326372
2.6471e-05
0.000116706
3.7436e-05
3.1988e-05
0.000122783
0.000733691
0.000555943
0.000728802
0.00043344
0.000258206
0.000264631
0.000516482
0.000667271
0.00026505
0.000793755
0.000669017
0.000369953
0.000477021
0.000402081
0.000232924
0.000321972
0.000789006
7.7735e-05
2.0743e-05
0.00075199
0.00069856
0.000185082
0.000343693
0.000270009
4.6026e-05
0.000346906
0.000434068
1.774e-05
1.2572e-05
0.000483796
0.00013689
0.000680192
0.000318689
3.974e-05
0.000347464
0.000304092
0.000305978
0.000519136
7.2775e-05
6.642e-05
0.000165386
2.4724e-05
0.000832238
0.000115658
0.000335312
0.000254994
0.000219933
0.000668668
0.000228872
3.4711e-05
1.1943e-05
0.000184802
0.000172929
0.000408577
0.000100991
3.7016e-05
0.000356264
5.3709e-05
0.000216789
2.3048e-05
0.00035382
0.000158542
0.000260022
6.3557e-05
0.000449574
0.000205545
1.1803e-05
0.000115379
0.000569213
0.000343623
0.000350049
0.00066804
0.000368277
0.000527448
0.00049553
0.000334683
0.000351724
0.000421008
0.000110002
0.000529683
0.000286632
0.000212459
0.000341249
3.3943e-05
0.000730827
0.000200517
0.000139893
0.000261279
0.00030961
5.1823e-05
0.000218675
0.000421497
0.000255273
0.00117866
0.000361782
0.000743469
0.00139621
0.00139398
5.2102e-05
0.000736834
0.000463333
0.000793057
0.000550704
0.000115658
0.000642827
0.000947129
0.00119542
7.969e-05
0.000428411
3.4641e-05
0.0005836
0.00014569
1.9416e-05
0.00095537
0.00113151
0.000115937
5.0565e-05
0.00105643
0.000662243
0.000682357
0.00108074
0.000413325
2.5982e-05
0.000743958
0.000330632
0.00105601
0.000803812
0.000673766
0.000317293
5.0846e-05
0.000511872
0.000836219
1.1803e-05
0.000747729
0.000138217
0.00153136
0.000458025
0.000497205
0.000198561
0.000983447
0.000166503
1.8648e-05
4.5118e-05
0.00101362
0.00058849
0.000985891
0.000288238
0.00050852
0.000165596
0.00127727
0.000771057
0.000150021
0.000115379
0.000635144
5.1125e-05
0.00025688
1.9555e-05
4.6515e-05
0.000303743
0.000474717
0.000378475
0.000160916
0.000445033
0.000487638
0.000721539
3.8971e-05
5.2452e-05
0.000148903
0.00175541
1.0895e-05
0.000146739
0.000350398
0.000182637
0.000150859
0.000581436
0.000908017
0.000352005
0.000715951
0.00184488
2.9683e-05
0.000423243
0.00131673
1.9975e-05
0.00125122
0.000365274
0.00101816
0.000366741
2.1441e-05
0.000128928
3.4293e-05
0.00103499
0.000288867
0.000489523
0.000481352
9.4287e-05
0.00167859
0.00163542
0.000403827
0.00109065
5.6641e-05
0.000581086
0.000235717
0.000106788
0.00058395
9.9804e-05
0.00129215
0.00272475
0.00202563
0.000332728
4.3861e-05
0.00182777
0.000487498
0.00145858
0.00269744
0.00020778
5.9575e-05
0.00298708
0.00202598
0.000301019
0.000625086
0.000745425
0.000685849
0.000234111
0.000701214
0.0018821
0.000974506
0.000133608
2.1581e-05
0.00242939
0.000193742
0.00018578
0.000995319
0.000583322
0.00053087
0.000173487
0.000616915
0.000463891
0.00193267
0.00137107
0.00328265
0.000749126
0.00130039
0.000669716
0.00151837
0.000628998
0.00152661
0.00155126
6.0833e-05
0.00127183
0.000401871
0.00100209
0.000748079
0.000386785
0.000654909
0.000964728
3.534e-05
0.00129194
6.8446e-05
0.000485682
6.3556e-05
0.00106879
0.000183056
0.0011804
0.000264073
0.00108549
0.000884829
0.00159037
0.00178097
2.3117e-05
0.000395166
0.0011591
0.000555245
0.000765749
0.00142157
0.000734529
0.000181938
0.000399008
0.000261
0.00228845
0.000304023
0.000189482
0.00132085
0.00041591
0.00197842
0.00070778
0.00118739
0.00127176
0.000324486
5.2381e-05
7.948e-05
0.00049085
0.000134795
0.00232281
0.00116189
0.000196466
2.3467e-05
0.000111538
4.8889e-05
0.000818968
0.000605042
0.000146877
0.000258486
0.00244266
0.000227196
0.000342017
0.00068124
0.00167907
0.000507263
0.000567886
0.00304442
0.00363102
2.3328e-05
0.000183685
0.000262257
2.1302e-05
0.00213954
0.00368857
0.000238161
6.0833e-05
0.00128377
0.000749057
0.000970596
6.5442e-05
0.00036255
7.2007e-05
0.000902709
0.000725868
3.3525e-05
7.3962e-05
0.000418773
0.00287344
0.000190599
0.00389628
0.000850327
5.1753e-05
1.6273e-05
5.2451e-05
0.000360595
0.00265155
0.00145244
2.6121e-05
0.000169506
0.00430402
0.00317174
0.00206823
0.000262956
0.00357256
2.3537e-05
0.00220345
0.000160008
0.00120163
0.000287959
0.000606718
0.00264876
0.000181938
0.00327315
0.00335947
4.2673e-05
0.00294182
0.000455999
0.00460511
0.00434132
7.1658e-05
0.00120038
0.000786073
0.000696675
0.000127602
0.00061475
0.000316105
0.000197933
0.00426658
0.000152884
0.000449713
0.000482469
0.000220352
0.00360015
0.000608534
0.00029208
0.000235019
0.00177406
0.00681289
0.000380081
0.00054819
0.00123739
0.000152815
0.00188427
0.000432253
0.000169158
0.000300879
0.00476225
0.001006
0.00118983
0.00164499
0.00118529
0.00864973
5.5106e-05
0.00456795
0.00344859
0.000143316
0.00474263
0.00494189
2.4235e-05
0.00098198
0.000290403
0.00414338
0.0070602
0.00237603
0.00792505
0.00566175
0.00150649
0.00372014
2.6819e-05
0.00319961
0.000759742
0.000358849
0.00578537
0.00172573
0.00136213
0.000277901
0.00886212
0.00380437
2.0673e-05
8.2414e-05
0.00259002
0.000129347
0.000735647
0.00648456
0.00271881
0.000479326
0.00533608
0.0016114
0.000313032
0.00743567
0.000162243
0.00100545
0.00261566
0.00326714
0.000462354
0.000584159
7.6058e-05
0.000101131
0.000226009
0.000720072
0.00171972
0.000384132
0.00443239
0.00248456
0.000243959
0.00484697
0.00588133
0.00238245
0.00104931
0.00395474
0.00200656
5.8737e-05
8.0737e-05
0.00024759
0.00328537
1.5435e-05
0.00385752
0.00563046
0.00472712
0.00595823
0.000549448
0.00401466
0.00355133
4.5188e-05
0.00225681
0.000528844
0.00216329
4.9868e-05
0.00511607
7.2077e-05
0.000604693
0.00556718
0.00226309
0.0052295
0.00212292
0.00151564
0.00558262
0.00129787
8.5207e-05
0.000917097
0.00528223
0.00595788
0.00608548
8.2763e-05
0.00211747
0.000390697
0.00480206
0.000576058
0.00570687
0.0122662
0.00317963
0.00013249
0.00891443
1.9555e-05
0.00257222
0.00224424
0.000743469
0.00169416
0.001786
0.0106497
0.00318941
0.000703659
0.00576106
0.0125058
0.0118187
0.00244084
0.0122188
0.00148254
0.000103436
0.00197681
0.00490354
0.00191437
0.00736911
0.00457591
0.00212341
0.000689481
0.00858401
0.00942638
0.00112125
0.00537896
0.00619038
0.000593727
0.0039942
0.0016702
0.0165093
0.00924151
0.000364156
2.5632e-05
0.000930157
0.00628928
0.000798714
0.00693721
0.00263305
0.00123104
0.00311573
2.668e-05
0.00498393
0.000139824
0.00498728
0.000177818
0.000918284
0.00492373
0.00143679
0.00133608
0.00713535
0.00919478
0.000228383
0.00352367
0.00505978
0.00181359
0.00171504
0.00438008
0.000576686
0.00188937
0.00340508
0.00724472
0.00299371
0.000215043
0.00834005
0.000169786
0.000175164
0.000129418
0.000780275
0.0037772
0.00135096
0.00821175
0.0139185
0.00583489
0.00548777
0.0116545
8.4159e-05
0.00617474
0.000964379
0.00299022
0.000179354
2.5073e-05
0.000472132
0.00487777
2.9823e-05
0.000809889
0.00101131
0.0162167
0.00684529
0.00324144
0.0026459
0.00057962
0.00111175
0.00483642
0.00996381
0.010876
0.000730479
0.0112744
0.00332211
0.00561789
0.00297618
0.00535346
0.00176791
0.0171431
0.00250195
0.00258625
0.00788007
0.000217279
0.00413828
0.000874563
0.00344887
0.00297206
0.013438
0.000416538
0.000817222
0.000299832
0.0191803
0.00100873
0.0127623
0.00334229
0.0105202
0.000959839
0.00956397
0.000581016
0.0113691
0.0114135
0.000644712
0.0139681
0.000529753
0.000349071
0.0015176
0.00341891
0.00979871
0.00249329
0.0130057
0.00670219
0.015256
0.0024062
0.0122583
0.00552919
0.00730443
0.0085053
0.0249905
0.00376309
0.00894482
0.000804581
0.00274738
0.004349
0.000459282
0.000518577
0.00331345
0.0118285
0.00896563
0.012254
0.00544342
0.00322056
0.00248365
2.9473e-05
0.0133484
0.00772928
0.00164653
0.00436758
9.2681e-05
0.000115728
0.00933859
0.00525366
0.000149811
0.0294367
2.1232e-05
0.000320226
0.000124319
2.8775e-05
0.0034048
0.00888768
0.0102311
0.00278586
0.013413
0.00263975
0.00106935
0.00185864
0.0100009
0.00664966
0.000279228
0.00100258
0.000945522
0.00353464
0.000907458
0.0140385
0.00913444
0.00117907
0.000576267
0.013866
1.9276e-05
0.0031415
0.00347087
0.0362647
0.0153074
0.0125144
0.031201
0.00913381
0.000537085
0.00262069
0.0412611
0.0226516
3.4502e-05
0.000405713
0.0054268
0.00630304
0.011324
0.00251606
0.0084312
0.00189579
0.0106715
0.0210285
0.0199037
0.00256733
0.00211091
0.02928
0.00374857
0.00802325
0.00643183
0.00050419
0.021073
0.021637
0.00892337
0.000394328
0.00673417
0.00093735
0.000168808
0.00574367
0.00503338
0.00011957
0.0176555
0.00387477
0.0322664
0.00159079
0.0326089
0.028229
0.000267076
0.00214269
2.9474e-05
0.00396514
2.5912e-05
0.000128928
0.00372195
0.0369227
0.00881177
0.00736059
0.0143377
0.00103499
0.000886505
0.00391032
0.00450467
8.2274e-05
0.000917306
0.00581987
0.0134139
0.0065588
0.00199169
0.0157771
0.000217908
0.00861076
0.0186727
0.000936862
0.00166301
0.00430947
0.000236067
0.0521468
0.0193646
0.0178555
0.000462983
0.000165945
0.000443218
0.0129262
0.00320114
0.000332518
0.00171805
0.0085706
0.000764701
0.0134351
0.0033189
0.012031
0.00030542
0.000298296
0.0209925
0.0163338
2.6121e-05
0.0474891
0.0186587
0.00151187
0.0279614
0.00832406
0.0155883
0.011404
0.00318578
0.0269746
0.021426
0.0326403
0.00666824
0.00625045
0.0208434
0.0302091
0.0190918
0.0217195
0.0109769
0.00355398
0.0292998
0.0288173
0.0313419
0.0189898
0.000957396
0.0163586
0.00559798
0.0212495
0.0116747
0.00152724
0.0114565
0.00395306
0.00358185
0.0115948
0.0124488
0.0681988
0.0124531
0.00174479
0.01858
0.00164855
0.0176703
0.000735856
0.00769639
0.0319496
0.0156492
0.0319215
0.0176186
0.00157927
0.000320785
0.015912
0.0258923
0.00246598
0.000540158
3.7715e-05
0.023092
8.7163e-05
0.0182078
0.00270652
0.0180859
0.00653701
0.012298
0.0398147
0.000147297
0.0411315
0.0109608
0.00104973
0.0463517
0.0248181
0.000221679
0.0662912
0.0111402
0.00102556
0.0147462
0.0395646
0.0518279
0.000300251
0.0262464
0.0441072
0.00290424
0.0283291
2.5772e-05
0.022589
0.0245919
0.0072487
0.00132854
0.0213843
0.0112069
0.0153669
0.0464259
0.0226762
0.0676761
0.00288196
0.0144359
0.0211853
0.059094
0.0256537
0.0432075
0.032196
0.0121273
0.0270939
0.0362968
0.0110769
0.00200936
0.0204956
0.0131006
0.00746717
0.0243857
0.000624109
0.050366
0.0147268
0.00982099
0.00446947
0.00822705
0.00790431
0.00420435
0.000273013
0.00422971
0.00511502
0.0392747
0.00945683
0.0226784
0.0491085
0.0937525
0.00055706
0.00614059
0.0494585
0.0118768
0.00268494
0.0017962
0.0055361
0.0266005
0.0388568
0.00211461
0.000191507
0.0203453
3.5899e-05
0.0377691
0.00420254
0.00983824
0.0267208
0.0194694
0.022122
0.100199
0.0163002
8.5766e-05
0.00373697
0.000911788
0.0586141
0.0165728
0.000678236
0.0989252
0.00106593
0.0180013
0.0697924
0.0403861
0.00180311
0.00694272
8.2693e-05
0.00665623
0.0237743
0.00476281
0.0047684
0.0594882
0.0692796
0.00286765
0.000225171
0.00220121
0.00278432
0.00377427
0.00670749
0.00176456
0.00581149
0.0363439
0.0187164
0.10525
0.000681239
0.000124947
0.00202053
0.034596
2.8915e-05
0.00891339
0.000370792
0.023874
0.00163842
0.00218487
0.0056753
0.0306187
0.041411
0.0485627
0.062084
0.00251117
0.0785325
0.000134516
0.0304082
0.0577919
0.0212686
0.017893
0.00665574
0.0232557
0.00643546
0.000143805
0.0023381
0.00123034
0.0207734
0.0428727
0.028106
0.00966894
0.043954
0.0062999
0.0221162
0.0507009
0.00370114
0.0268351
0.00551613
0.115478
0.0829909
0.00397332
0.0436783
0.00338469
0.0197825
0.12717
0.0169636
3.6458e-05
0.0726117
0.0185615
0.029752
0.0147838
0.0293919
0.0406072
0.0978399
0.0798125
0.00264953
0.0372962
0.0355656
0.0249589
0.0145153
0.00226735
0.0549987
0.120247
0.154858
0.000192485
0.0141855
0.0371685
0.00622565
0.000565581
0.00496633
0.0440532
0.000116776
0.0290223
0.00364352
0.050929
0.000138008
3.5061e-05
0.0652734
0.0507711
0.000239418
0.0269488
0.0325838
0.124357
0.0464571
0.0568082
0.0141328
0.123779
0.163193
0.00604944
0.10881
5.6222e-05
0.000147786
0.000348442
0.000122922
0.000961935
0.000114122
0.020918
0.0789422
0.00238127
0.132687
0.0881925
0.0340646
0.00164255
0.00331652
0.00095998
0.00084027
0.0172211
0.0622389
0.00146843
0.0421047
0.000219863
0.0110214
0.0241787
0.00604909
0.0529151
0.00310197
0.000166155
0.0411969
0.0525666
0.000146039
0.0814068
0.0472476
0.000243749
0.0407022
0.0651677
0.00121462
0.0390716
0.0904191
0.00397346
0.0036371
0.000436792
0.000115449
0.153397
0.183389
0.111262
0.00369793
0.0831425
0.00290173
0.00269227
0.0926846
0.152799
0.00996137
0.0518931
0.139807
0.0923065
0.019371
0.103754
0.0696583
0.00182609
0.0343113
0.00466336
0.000649252
0.0311111
0.0245325
0.0269926
0.000135634
0.00622342
0.0644277
0.0733121
0.440182
0.0998963
0.000789984
0.0853358
0.00277573
0.000829445
0.0388737
0.0396655
0.0595055
0.0275782
0.179732
0.0401558
0.0697437
0.00754364
0.00223013
0.0390243
0.0520582
0.004437
4.456e-05
0.000174326
0.0223062
0.0123562
0.000196257
3.3664e-05
0.0870671
0.00340571
0.00695411
0.0866582
0.159825
0.0293104
0.0260699
0.0720161
0.119936
3.8133e-05
0.030642
0.186814
0.138199
3.1359e-05
0.0163592
0.0541912
0.0079085
0.00702556
0.0929748
0.0364409
0.00265952
0.165955
0.153297
0.00639425
0.00327022
0.000246403
0.000166853
0.0722146
0.00851962
0.187146
0.109739
0.0248467
0.124263
0.0061329
0.0209753
0.0393027
0.000762047
0.0557618
3.0451e-05
0.00669318
0.00273711
0.0945737
0.00550481
0.0137793
0.135885
0.0529738
0.0510609
0.0101965
0.0679052
0.289948
0.0338721
0.0206633
0.208683
0.0300727
0.0273424
0.00426596
3.7645e-05
0.0283648
0.000967593
0.138185
0.33752
0.114624
0.0393488
0.0588772
0.0312754
0.000140802
0.0207217
0.529957
0.0658642
0.0407275
0.00583342
0.256042
0.111113
0.0976244
0.128893
0.09352
0.179459
0.260136
0.000626483
0.142366
0.0109741
9.1144e-05
0.111581
0.0224194
0.0405018
0.0238786
0.0588079
0.180931
0.0254481
0.264316
0.00894049
0.00052193
3.4432e-05
0.22248
0.00228314
0.132275
0.014197
0.0543334
0.00649489
0.000522139
0.262161
0.00472922
0.0753719
0.13455
0.000831401
0.574233
0.130555
0.13517
0.257797
0.226741
0.124376
0.382004
0.0737223
0.200865
0.0249435
0.188161
0.00249287
0.0162216
0.0482547
0.0707833
0.0583635
0.0252154
0.0245482
0.0656524
0.000173837
3.1429e-05
0.0917775
4.0579e-05
0.00175262
0.00892142
3.8692e-05
0.238798
0.426977
0.0107003
0.098091
0.137829
0.0137795
0.198847
0.099216
0.167489
0.00279068
3.9251e-05
0.10547
0.124393
0.00192373
0.537663
0.252182
0.020718
0.0164305
3.9181e-05
0.000403966
0.292044
0.0680529
0.000139055
0.0690951
0.350532
0.127974
0.00863025
0.00172
0.199664
0.154411
0.299378
0.22312
0.000161964
0.0533319
0.115898
0.00409868
0.348095
0.00388923
0.0779277
0.118784
0.140706
0.000864017
0.0827089
0.000137729
0.02714
1.1108
0.0965938
0.0732661
0.0981089
0.466578
0.0132136
0.000203171
0.000173139
0.00644454
0.00030954
0.136331
0.00868759
0.118207
0.112279
0.0275443
0.885036
0.616207
0.179116
0.00788126
0.0558671
0.00316357
0.138851
3.4572e-05
0.248413
0.0227375
0.347031
0.0165276
0.596908
0.204387
0.0820845
0.337236
0.0134385
0.13278
0.0559988
0.0197671
0.731924
0.108659
0.0147845
4.5398e-05
0.704089
0.000333985
0.000557759
0.218464
0.138769
0.512379
0.00641961
4.1137e-05
0.000550984
0.000653303
0.0264016
0.000310937
0.00294936
0.000171881
0.00103792
0.102265
0.120428
0.449061
0.128813
0.0375002
0.00030989
0.0994004
0.127872
0.625793
0.0526479
0.0998813
0.0810433
0.0224
0.34668
0.219925
0.0714842
0.128007
0.510034
0.052386
0.0156078
0.182638
0.269267
0.0224696
0.0171619
0.00742736
0.00109945
0.00404979
0.0976447
0.00277329
0.114294
0.0098478
0.149095
0.000184104
0.0164196
0.478833
0.0805114
0.610388
0.0655002
0.150567
3.5899e-05
0.0654395
0.00341807
0.41673
0.0710679
0.180709
0.240711
0.258275
0.220951
0.106302
3.4502e-05
0.0209849
0.0187968
0.0110406
0.0319843
0.000152815
3.7296e-05
0.0414516
0.288155
0.193693
0.36654
0.0220415
0.00019919
0.3829
0.33156
0.00166846
0.172971
0.106052
1.58902
0.149019
0.0206027
0.00248945
0.545605
0.073259
0.0949224
0.00756509
4.5048e-05
0.437009
0.00261775
0.043105
0.279564
0.119489
0.0123778
0.000885598
0.0620671
0.122311
1.57454
0.0493071
0.0159737
0.0379662
0.00677775
0.0504393
0.31071
0.360485
4.4979e-05
0.21349
0.0110098
0.181889
0.166011
0.0493435
0.0620951
0.0161457
0.418298
4.1696e-05
0.246864
0.810506
0.140894
0.00619108
0.538637
0.433514
0.110693
0.000129906
0.361662
0.085572
0.162434
0.173036
0.36671
0.124335
0.00370862
0.0469173
0.117234
0.0001327
0.220874
0.00300433
0.00111733
0.02694
0.442967
0.89207
0.0309555
0.0119296
0.0027223
0.747296
0.00394615
0.0364074
0.0132007
0.00633831
0.00156453
0.0685073
0.118103
0.0945332
1.04441
0.000183126
0.000567676
0.00407864
0.0754281
0.0693039
0.0622397
4.7911e-05
1.09871
0.0046915
0.0656363
0.00329089
0.643552
0.027438
0.000579131
0.0418126
0.323723
1.34982
0.213505
0.379954
0.79304
0.226174
0.0034164
1.10711
0.0171835
0.190699
0.507757
0.00905663
1.57213
1.95349
0.735448
0.000107906
0.000155258
0.0118198
0.00537861
0.0855945
0.319387
1.88387
0.736557
0.28938
0.00883118
0.000219514
0.0160713
8.8071e-05
1.7868
0.142377
0.000215044
0.994437
0.527405
0.37706
4.3093e-05
0.0113738
0.00633321
0.195563
0.000365972
0.183526
3.087e-05
0.00411754
0.0139118
0.0885845
0.00112767
0.117258
0.204434
0.0550194
0.195942
0.00142604
0.0315406
0.033644
0.651337
0.00237854
0.0450213
0.000998183
0.548354
0.0432796
0.0197773
0.595062
0.456111
0.9287
0.0883765
0.0107282
0.0386026
1.54546
1.85613
0.000877007
0.022567
0.00294915
0.225593
0.536064
0.044908
0.0830529
0.0150435
0.00673969
0.27036
0.128114
0.00542841
0.719325
0.143276
0.000183755
0.867814
0.00430604
0.313511
0.0763621
0.00612068
0.262666
0.0225902
0.684165
0.745885
2.5995
0.000603435
0.408674
0.0439868
0.00023481
0.823063
0.182481
0.00785276
0.187001
0.0229391
2.21624
4.0298e-05
0.00570002
0.240848
0.00877238
0.482203
2.48258
0.006154
0.343448
2.07999
0.0585368
0.0955478
0.00108884
0.00078698
0.532938
0.799171
0.0171834
0.00228824
0.353747
0.875609
0.0961802
0.0938907
0.601179
1.62598
0.18998
0.291143
0.442269
0.00617774
0.0433999
0.345236
0.00640578
0.556763
2.07942
1.23557
1.37388
0.000472552
2.02155
0.00245544
1.06599
0.00147639
0.0786289
0.430095
1.78354
0.88872
0.0195925
0.304086
0.118762
0.261463
0.351977
0.704568
0.0334081
0.0205799
2.19273
0.00202451
0.245578
0.754832
1.10137
0.027396
0.124729
0.136632
2.20322
0.141019
0.48547
0.680208
0.00228635
0.0010697
0.00274116
0.126802
0.929337
1.30761
0.297871
0.338909
0.0120165
0.476973
0.0419673
2.70631
1.41683
0.00015051
0.104013
0.0238531
0.691949
2.84769
0.438102
2.65025
0.0871716
4.38762
3.66255
0.0351812
0.103905
1.39759
1.93173
8.43641
0.976924
0.416666
0.103439
0.56923
0.699419
0.101142
0.341007
0.245565
1.3223
0.0612028
0.0184155
5.02682
0.00236793
0.476602
0.798974
2.64823
1.28021
0.00793951
1.82132
0.205321
0.112211
0.00410469
0.00678691
0.402036
0.342323
3.01317
1.34444
0.150588
3.81104
0.355329
0.00271323
2.01351
0.0561685
0.00983579
0.00852744
0.95055
2.4815
0.444607
0.320009
0.0464409
0.107879
0.0510068
0.155755
2.33987
0.899991
0.0949648
0.101721
0.667393
0.00240187
0.0667933
0.0484683
0.0645678
0.0717224
0.230629
5.1055e-05
2.4217
0.013665
0.00113081
0.00557529
0.13621
1.12593
0.00118396
4.7702e-05
0.0001679
0.000422195
0.00119199
0.00169227
0.111103
0.000169157
0.0118082
0.01584
1.82827
0.21541
2.10913
0.659633
0.241314
0.0645015
0.601981
0.0108273
0.000649113
0.356722
0.962962
0.202182
0.0596132
0.44902
0.346672
0.531738
0.00997464
0.0212013
0.174322
0.229924
1.83877
0.0110568
8.61689
0.00214967
0.218796
0.344225
0.000145341
0.0602765
0.205218
1.68448
0.189535
0.972204
0.560054
0.232067
5.3848e-05
0.070798
2.73983
0.441351
0.001802
0.00924751
0.0012721
0.10152
0.527286
2.28413
5.3779e-05
2.85069
1.9593
0.0103216
0.0479136
0.840475
0.477286
0.00450943
0.00358185
2.43819
0.00762955
0.369892
7.95955
1.17757
2.15141
2.36445
0.352821
5.49298
0.00591863
0.00205224
0.134983
0.163838
2.19026
3.03897
0.0617471
0.28965
4.01343
1.00585
1.98494
0.00173977
0.013441
0.409461
0.201536
0.105097
0.00261454
0.607029
1.02282
0.0264442
2.09526
0.000733203
6.37816
4.18621
0.0119486
0.00652653
5.52772
3.72116
13.5533
0.00346549
5.80195
4.19093
0.455164
0.0555678
4.5886e-05
2.72615
1.27277
0.252418
