1.8018e-05
2.2209e-05
4.3162e-05
3.0591e-05
1.7111e-05
1.8508e-05
1.1244e-05
1.6483e-05
2.3816e-05
1.5435e-05
8.171e-06
1.1593e-05
1.9556e-05
1.8997e-05
2.3397e-05
1.8997e-05
3.073e-05
2.3257e-05
9.708e-06
3.7993e-05
1.0266e-05
1.1105e-05
6.705e-06
9.428e-06
5.727e-06
9.708e-06
4.05e-06
8.591e-06
1.0895e-05
2.4514e-05
1.8647e-05
1.327e-05
6.495e-06
1.0267e-05
1.5575e-05
2.0254e-05
9.708e-06
6.006e-06
5.447e-06
1.0476e-05
1.1035e-05
1.8718e-05
1.3829e-05
1.0197e-05
9.848e-06
1.6902e-05
2.0184e-05
2.186e-05
1.7111e-05
7.542e-06
3.2057e-05
1.1384e-05
1.2292e-05
2.6609e-05
2.5771e-05
1.8648e-05
1.8717e-05
1.2292e-05
2.7657e-05
1.4107e-05
1.6553e-05
1.6203e-05
1.4177e-05
7.054e-06
1.8926e-05
4.261e-06
9.429e-06
1.6761e-05
6.007e-06
1.4806e-05
1.2432e-05
1.2572e-05
1.4248e-05
1.1594e-05
1.4527e-05
2.0254e-05
2.2838e-05
8.8e-06
9.987e-06
1.7949e-05
7.193e-06
2.2838e-05
1.9974e-05
8.102e-06
3.911e-06
6.076e-06
2.0184e-05
1.0476e-05
2.6888e-05
8.94e-06
6.495e-06
1.2013e-05
2.3676e-05
4.12e-06
2.3257e-05
2.1161e-05
3.073e-05
2.4793e-05
1.8857e-05
1.3619e-05
9.429e-06
0.000104481
5.6431e-05
6.4742e-05
1.3969e-05
5.0774e-05
2.9263e-05
8.2272e-05
5.2031e-05
8.7859e-05
1.1384e-05
2.6679e-05
8.5624e-05
2.5841e-05
5.8386e-05
7.2006e-05
6.7187e-05
5.5244e-05
2.3606e-05
3.8482e-05
1.6342e-05
7.0608e-05
7.403e-06
9.568e-06
6.4114e-05
2.0184e-05
8.2272e-05
3.3663e-05
5.3568e-05
1.4248e-05
4.9587e-05
4.1205e-05
1.334e-05
1.9974e-05
7.263e-06
5.6571e-05
4.3721e-05
3.4711e-05
3.9809e-05
8.0526e-05
4.1206e-05
6.9771e-05
0.000239204
0.000563124
3.031e-05
1.7809e-05
9.638e-05
3.3872e-05
5.2031e-05
4.1416e-05
3.7365e-05
2.193e-05
7.885e-05
4.0648e-05
6.9072e-05
1.9416e-05
5.0355e-05
3.0311e-05
3.9669e-05
1.1244e-05
5.2101e-05
7.6266e-05
5.72e-05
7.5079e-05
2.4165e-05
1.3619e-05
3.3733e-05
3.6597e-05
9.1002e-05
7.1377e-05
2.661e-05
2.8495e-05
1.0267e-05
7.9059e-05
8.9326e-05
4.2464e-05
4.0717e-05
1.9346e-05
2.5911e-05
3.8133e-05
7.1517e-05
1.4247e-05
0.000197649
4.1625e-05
4.9867e-05
6.0971e-05
7.1447e-05
4.1345e-05
4.4837e-05
5.028e-06
4.5675e-05
8.339e-05
2.2698e-05
1.0546e-05
2.5282e-05
8.451e-06
2.9752e-05
3.3174e-05
7.4171e-05
4.9517e-05
0.000178512
0.000164265
5.7968e-05
1.4596e-05
0.000112234
2.598e-05
9.6171e-05
9.3237e-05
0.000126342
0.000212943
2.2838e-05
8.381e-06
4.9378e-05
0.000167198
1.1593e-05
6.8933e-05
5.9714e-05
3.3034e-05
1.3549e-05
6.4114e-05
9.917e-06
0.00023201
7.404e-06
7.4241e-05
0.000339844
0.000200932
0.000103504
0.000112164
8.1783e-05
5.1053e-05
5.8806e-05
9.8475e-05
5.5314e-05
6.4463e-05
0.000218461
2.9054e-05
5.3149e-05
9.9453e-05
5.9644e-05
7.753e-06
2.6679e-05
9.4354e-05
0.000112094
0.000104272
2.8426e-05
0.000183331
6.2856e-05
7.3752e-05
5.699e-05
0.000171109
2.0672e-05
0.000219159
0.00915638
5.1473e-05
5.6013e-05
0.000124037
0.000130881
0.000105878
0.000115237
8.241e-06
0.000114329
8.0876e-05
0.000172856
0.00012278
0.000129136
0.000166849
4.1974e-05
1.6622e-05
0.000260575
8.0666e-05
1.5156e-05
7.0958e-05
9.7009e-05
9.7148e-05
0.000193668
8.772e-05
0.000158399
0.000281318
1.4178e-05
0.000165242
1.9346e-05
0.000108602
1.2711e-05
4.7142e-05
0.000120894
3.5968e-05
4.9308e-05
0.000127738
0.000117333
3.0311e-05
0.000241369
0.000202468
0.000159167
7.4311e-05
6.704e-06
0.000149598
0.000155116
4.0088e-05
7.3961e-05
9.7357e-05
2.612e-05
7.2005e-05
8.3529e-05
0.000141566
2.4095e-05
5.5313e-05
0.000529741
8.29e-05
0.000306879
1.718e-05
1.6552e-05
0.000170201
4.6094e-05
0.00024975
0.000243185
8.9256e-05
4.1904e-05
0.000441951
0.000295076
0.000387754
0.000358072
0.000364498
0.000252055
0.000201699
0.000209522
6.111e-05
0.000106437
0.00012299
0.000291095
0.000495868
0.000123548
0.000338937
0.000215807
9.3726e-05
0.000268467
0.000129275
0.000244582
5.9924e-05
0.000160982
0.000408986
0.000141288
1.6273e-05
0.00014045
6.6558e-05
0.000493564
0.00048197
0.000238296
0.000377279
6.5092e-05
0.000211407
3.2965e-05
9.4354e-05
0.000592388
2.3187e-05
9.5403e-05
0.000148481
8.0805e-05
7.822e-06
6.4532e-05
0.000201141
1.1873e-05
5.7618e-05
0.000479805
0.000354162
1.8997e-05
0.000280061
4.1765e-05
0.000158887
2.9822e-05
0.000336911
0.000206239
0.000221324
0.000492586
2.0044e-05
7.9618e-05
0.000390828
3.471e-05
1.0686e-05
3.6806e-05
5.0216e-05
0.000307298
0.000130951
0.000187732
0.000185637
0.000380351
0.000357794
0.000501945
4.7212e-05
0.00020603
0.000123129
0.000441322
0.000319171
7.2774e-05
6.1949e-05
0.000114678
1.8368e-05
5.1682e-05
0.000142405
0.000152741
4.5536e-05
0.000858341
0.000239344
5.8806e-05
0.00083229
0.00111451
0.000118589
0.000207356
0.000215528
0.000110977
3.08e-05
0.000303807
1.4737e-05
0.000287184
0.00318515
0.000593366
0.000587569
1.1245e-05
7.2704e-05
8.1015e-05
0.000106716
3.1149e-05
0.000392155
0.000141636
0.000445513
0.000402491
0.000800442
0.0003594
1.3549e-05
5.3009e-05
2.4863e-05
7.3752e-05
0.000262112
0.000491887
0.000118449
0.000649378
0.00048155
0.000303527
0.000270771
0.000199535
0.000441043
0.000395437
5.4266e-05
0.000222512
6.2507e-05
0.000248422
0.000501385
0.000194087
0.000327622
0.000390758
1.4596e-05
0.000119986
0.000617461
0.000354232
0.000318054
0.000235852
0.000134443
0.00034201
0.000156862
0.000714539
8.7091e-05
2.6469e-05
0.00015323
0.0004995
0.000388034
0.000186195
0.000611105
0.000580026
0.000227192
0.000951159
5.1752e-05
0.000756513
8.032e-06
1.299e-05
0.000775021
0.000406961
0.000334117
2.3187e-05
0.000236899
0.000760075
0.000238785
4.5606e-05
0.00081497
0.000608172
0.000421208
1.9625e-05
0.000452427
9.6939e-05
0.000340682
0.000437901
3.0939e-05
1.6622e-05
0.00124777
6.1599e-05
0.000451519
0.000510325
1.1315e-05
6.8304e-05
0.000353254
6.3066e-05
0.000126412
0.00132564
0.000572483
9.638e-06
0.00114266
0.00122738
1.0686e-05
9.2119e-05
0.000524992
0.000558305
0.00136469
0.000546084
6.998e-05
0.000852613
9.4703e-05
0.000535119
0.000435665
0.000559073
0.000317495
0.000982098
1.6622e-05
0.00158468
0.000355279
0.000909045
0.000878315
0.00027154
3.7225e-05
0.000667955
0.000114329
0.000117472
0.000111047
0.000335933
2.6958e-05
0.000568502
0.00128821
0.00054776
0.00178841
0.0010312
0.000870632
0.000389361
0.0001049
0.000484483
0.00115509
0.000250728
0.00029333
0.000108323
0.000431335
9.1491e-05
0.000444116
4.4698e-05
0.00102407
0.000280829
0.000214411
0.00143117
0.000207846
3.3803e-05
0.00067494
1.1454e-05
0.00102058
0.0013107
0.000383983
0.000906809
0.00054301
0.00110697
0.000856455
3.4292e-05
0.00153998
1.3828e-05
0.00100326
0.00024556
0.000961914
0.00179295
0.000549296
0.000645676
0.000980981
0.0011933
0.00161297
0.000394809
2.8006e-05
1.4177e-05
0.000820138
2.1721e-05
0.00131279
0.00056054
0.00191272
1.0685e-05
9.568e-06
0.000387475
0.000193179
6.572e-05
0.000614387
0.00117542
0.000802259
0.00134918
0.000231382
0.00109985
0.000136049
0.00155668
1.32e-05
0.00161639
4.812e-05
8.4856e-05
0.000763706
0.000620254
0.00147322
1.2851e-05
0.00248458
0.00156031
0.00222456
0.00280969
0.00279285
0.00156212
0.00132648
0.00125504
0.000542242
0.00168211
0.000505995
0.00043364
0.00165795
0.000813642
0.00107464
0.00148942
0.00029382
2.8704e-05
1.9276e-05
0.00158622
0.0013056
0.000213642
0.000331323
0.00133277
0.0001401
0.000273425
0.0012507
0.00361076
0.000217693
0.000771389
0.00155716
0.0023581
0.00263781
0.00266442
2.0743e-05
7.0888e-05
0.00152972
0.000234455
0.00174944
1.3689e-05
0.00238184
0.00118366
0.00212609
0.000237877
6.3485e-05
0.000734094
0.00014457
2.4235e-05
0.000172367
0.00118121
0.000532604
0.00184225
0.000552299
0.00174378
0.00126768
0.000841439
0.000501944
0.00250714
0.00223825
0.00131705
0.000486719
0.00115446
0.00223378
0.000361006
0.000982447
1.76e-05
0.000119916
0.000274544
0.00031519
0.00171068
0.00134527
1.5365e-05
0.000493843
0.00373137
4.2673e-05
0.00260449
0.00275207
2.2349e-05
1.3759e-05
0.00257404
0.000491049
2.3466e-05
0.00159767
0.00102659
0.00292213
0.000540915
0.00141909
0.00378752
0.00339858
1.2571e-05
0.00280207
0.000646095
0.00135449
0.00127913
0.000930346
0.00029794
0.0062353
0.00270297
0.00224579
0.00238163
1.6482e-05
0.00581884
4.7981e-05
0.000133256
0.00388209
0.00512267
0.00693391
0.00473854
0.00323648
5.5174e-05
0.00381979
0.00419036
0.000739542
0.0032809
0.00588099
0.00676895
0.000701618
2.8215e-05
0.0017509
0.00280082
2.7727e-05
0.00487941
0.00263934
0.000798906
5.7898e-05
0.00383914
0.000797719
2.4724e-05
7.0539e-05
0.00126907
0.00192837
3.5479e-05
0.00121795
0.00467282
0.00480419
0.00118149
0.00343769
0.00127515
0.00207203
3.1289e-05
0.00208886
0.00222414
0.00426747
0.0050075
6.551e-05
0.00236445
0.000131998
0.00033705
0.00260037
0.0012558
0.00298303
0.00216331
0.00439849
0.0001929
0.000248981
0.00160976
5.2171e-05
0.00305063
0.000173414
0.00158768
0.000150577
0.00307445
0.00013165
0.000359609
2.7378e-05
0.00331205
0.00260889
0.000351926
0.00275221
0.00363981
0.00244931
0.000397393
0.000257572
0.00439262
0.00301055
0.0065245
0.000283483
0.000329577
0.00185273
2.8844e-05
0.00192697
0.00312571
3.7225e-05
9.9383e-05
2.654e-05
0.000461716
0.0018799
0.00303401
0.00540454
0.00222889
0.000352904
0.000372948
0.000634502
0.000136049
0.00172457
0.00460822
0.00224908
0.00652213
0.000207147
0.00794779
0.0118453
0.00704866
0.000187592
0.00022356
4.1067e-05
0.000277476
0.000957305
0.00723367
0.000239693
0.000168944
6.3904e-05
0.000286905
0.000112513
0.00290125
2.8425e-05
0.0121953
0.00449089
0.000229776
0.0111287
0.00286751
2.2489e-05
0.00387552
7.8012e-05
0.0106894
1.6972e-05
0.00257418
0.00527206
0.000481551
0.000872588
0.0019401
0.000866651
0.0201802
0.00104866
0.00960433
0.0019482
0.00375631
0.000488814
0.000358981
0.00287247
0.00422088
0.00503271
1.4597e-05
0.00135554
0.00152755
1.3479e-05
0.00532101
0.00470746
0.00565331
0.00255791
0.000264696
0.00753978
0.000992015
0.00181034
0.0027594
0.00398077
0.00504263
0.000384821
0.00664561
0.00445541
0.00041597
0.00031498
0.00138375
0.0062163
0.00580424
0.00174022
0.000765103
0.00685611
0.00228888
0.00483471
6.146e-05
0.00338629
2.5143e-05
0.0110326
0.000670329
0.0049871
0.0104257
0.00613801
0.00461227
0.00576073
0.00103692
0.000430008
0.00155102
0.0105292
0.0044948
0.00427019
0.00336806
0.00845322
2.1232e-05
0.00321979
0.00936352
0.011473
0.0024447
0.00846426
0.000385311
0.00472876
0.0097084
2.6399e-05
0.0178723
0.0173539
2.2139e-05
0.0236667
0.000288022
0.00200429
0.000277197
0.00651787
0.000196671
0.0106005
0.00618766
0.0215402
1.6901e-05
0.0015015
0.0204195
2.2838e-05
0.00145261
0.00480028
0.0154181
0.00387825
0.00490539
0.000839484
0.000176417
0.00390353
0.0203772
0.0201834
0.0166005
7.1098e-05
7.2075e-05
0.00100605
0.0235455
0.000237947
0.0197965
5.8876e-05
0.00186474
0.00031072
0.0101538
0.0151183
0.0238367
0.0126282
0.0064298
0.010881
0.00133361
0.0240435
0.00944189
0.000774113
3.0101e-05
1.6203e-05
0.0117092
0.00392099
9.7846e-05
0.000104621
0.00152106
0.00793116
0.0253132
6.5022e-05
0.000331323
0.00434129
0.00736336
0.0141047
0.0245764
0.0263703
0.00624724
0.0184706
0.00853214
0.00180412
0.00908661
0.00389138
2.2559e-05
0.00352904
0.0160695
0.00723143
0.000326574
6.0901e-05
0.00856155
0.000852893
0.014422
6.8933e-05
0.00855323
0.00104698
0.0126473
0.0208791
0.0187774
2.7657e-05
0.000292702
0.00522365
3.0451e-05
0.00847781
0.0176174
0.00481439
0.0047949
2.7517e-05
2.0184e-05
0.000492864
0.0157833
0.0159896
0.00112946
0.000593226
0.0263042
0.000245699
0.00140449
0.00188569
0.0226809
0.0441295
0.035562
0.000544408
2.7936e-05
0.00288721
0.000163427
0.0331653
2.626e-05
0.0450461
0.0274368
0.00144556
0.00234608
2.7168e-05
0.0427431
0.00152476
0.0397541
0.00299414
0.016204
0.00376524
7.7942e-05
0.0120207
0.00190784
0.0163254
0.000575696
0.00251314
0.00221381
2.4724e-05
0.0166897
0.000156513
0.0259118
0.00222365
0.00804025
0.000365406
0.00125594
0.0267245
0.0179754
0.000485252
8.8558e-05
0.0466967
0.0106872
0.0418385
0.0182845
0.00534783
7.1097e-05
0.010243
1.6762e-05
0.00168001
0.000125084
0.0405058
0.0219308
0.000166291
2.9752e-05
0.0192286
0.00572281
0.0175194
0.0218984
0.00177954
2.4794e-05
0.0013394
0.0523088
0.000132837
0.00175495
0.0108029
2.0254e-05
0.00870206
0.0288849
0.0071245
1.5434e-05
0.00173652
6.2158e-05
0.0355363
5.9993e-05
0.00169014
0.0137676
0.0436288
0.00183038
0.02089
0.00640752
6.8234e-05
0.0190912
0.00382042
2.193e-05
0.000250937
0.0237521
0.000882994
0.000490211
7.3822e-05
0.0277075
7.7662e-05
0.00469601
0.000768386
2.0463e-05
0.000900524
0.0127107
0.0306861
0.0280561
0.0332923
0.00289859
0.000526947
0.0304059
0.00145143
0.000671377
0.0630664
0.0299495
0.000717612
0.00208488
5.0076e-05
3.7993e-05
0.0148443
0.0236882
0.115498
0.00657283
0.0488893
0.0467074
0.000294588
0.00590439
0.000364498
0.00126803
0.0226422
1.7181e-05
0.0385402
0.0251152
0.0066565
0.0708968
0.00704866
0.0407405
0.0333056
0.00476927
0.0226679
0.0558002
0.00013591
2.1651e-05
0.124038
0.0969928
0.00111528
0.079365
0.00109028
0.0775813
0.0108258
5.4196e-05
3.4571e-05
0.000278734
0.0059428
0.0357732
0.00381134
0.00324458
0.0574844
3.0102e-05
0.034868
0.0153947
0.0256206
0.00127585
0.0388786
0.00660852
0.00861518
0.0115232
0.00770663
0.0413436
0.0127845
0.0563589
0.00642589
0.0170829
0.00262789
0.00969282
0.0893593
0.00159174
0.00220906
0.00917642
4.7143e-05
0.00484309
6.5441e-05
0.00938894
0.0744673
0.00835761
0.00390479
3.1637e-05
0.0545574
0.0756792
2.3676e-05
0.0173898
2.7587e-05
0.00326246
0.0375861
2.3606e-05
0.0315501
2.6051e-05
0.000772926
0.01308
0.0170959
0.0123427
0.0201518
0.00821025
0.000250169
1.7181e-05
0.0251199
0.133375
2.0114e-05
3.1428e-05
0.0150126
0.00118673
0.0199003
0.014125
0.0698096
0.00200882
0.0647482
0.000174951
0.114117
0.00753112
0.0400517
0.000405564
0.156497
0.00177409
0.131101
0.000131649
0.17317
0.0110526
0.00154753
0.000612781
0.0989606
0.0017634
0.173197
0.220378
8.318e-05
0.0815576
0.0296013
3.4361e-05
0.164525
0.098284
0.013971
0.00139877
2.8215e-05
0.00578161
0.11137
0.0109164
0.0077984
2.3117e-05
0.0199884
0.0512414
0.00809948
0.023685
0.00143816
0.075292
0.000362193
2.9054e-05
0.0396072
0.0144894
0.000151903
0.00176969
0.0239577
7.913e-05
0.106576
0.140226
0.0424846
0.0757403
4.8121e-05
0.0582339
0.0016907
7.438e-05
0.0223193
0.0439968
0.0685445
0.0104396
0.0747788
0.038138
8.1364e-05
0.0139112
0.000107834
3.5828e-05
0.0328693
0.114706
0.00918187
0.0275105
2.7168e-05
0.130241
0.0187703
0.0121038
0.000320917
3.7783e-05
2.4025e-05
0.105303
0.0106893
2.5841e-05
0.00943336
0.119304
0.0165294
0.0496833
0.0512824
0.00157113
2.2698e-05
0.0325346
0.00422598
0.00224747
0.000407938
0.00423876
0.016941
0.000330137
4.1486e-05
0.00086295
0.000119567
0.131682
2.3815e-05
0.00419316
0.0502938
0.113466
0.165707
0.0255153
0.0147322
0.000450961
0.0928481
0.0535791
0.0192372
1.8857e-05
0.208401
0.00149319
0.0214309
0.0187321
0.00529615
0.320112
0.186629
0.0136469
2.6889e-05
0.280655
0.000478966
0.00340026
0.0520126
2.4584e-05
0.000476173
0.136268
0.000182913
0.00551503
0.346064
0.308179
0.00792858
0.00208432
0.000321755
0.000833897
0.0421762
0.000129415
2.8914e-05
0.0032186
0.144109
0.0458668
0.00159523
0.170324
0.0894686
0.0183149
0.0163229
2.7727e-05
0.00113198
0.0615417
2.3885e-05
4.5816e-05
0.269452
0.0418346
0.000590712
0.0002318
3.3663e-05
3.6177e-05
0.0210462
0.290761
0.000386777
0.00645697
0.000916727
0.00975994
0.000182284
0.000540356
0.280408
0.134009
0.0624571
0.349496
0.107696
0.046329
0.267161
0.0125439
0.0212752
0.244014
0.0265931
0.0396634
0.000135491
0.183868
0.0618488
0.277227
0.0842165
0.378185
0.109428
0.136907
0.20378
0.000605587
0.00016629
0.00017956
0.273793
0.214329
0.0308753
0.0922576
0.398695
0.022968
0.00017062
0.2022
0.134758
0.43594
2.0463e-05
2.193e-05
2.4444e-05
0.0655093
2.3606e-05
0.121139
5.1193e-05
0.0913188
0.0185722
0.00989166
0.0126806
3.1707e-05
0.00239504
0.096697
3.9181e-05
2.2768e-05
0.0796541
0.0266388
0.294206
0.000124107
0.00485413
0.149631
0.0298298
0.121538
0.0625591
0.159553
3.1708e-05
3.1499e-05
0.0374653
0.00122165
0.0195784
0.587666
0.0698987
0.0097561
0.0604646
0.116781
0.0416696
0.0514481
4.1764e-05
0.0113904
0.0100174
0.0124186
0.25989
0.243515
0.000488325
0.311149
3.0241e-05
0.00389235
0.193238
0.0919256
0.178022
0.0793229
0.440512
0.381282
0.0791912
0.108827
0.00595747
6.118e-05
0.0032575
0.221633
3.6597e-05
0.0185678
0.000596509
0.358565
9.9104e-05
0.0101437
0.0556738
2.5772e-05
0.0672334
0.000538331
3.8761e-05
0.162298
0.00228693
0.00382468
0.00157497
0.000411081
0.626286
0.0196204
0.0154037
0.00784736
0.0017449
0.00104391
0.00182752
3.2756e-05
0.216925
0.000651124
2.1441e-05
0.0239174
0.000497684
0.000230963
0.149172
0.000142405
0.00190791
0.0230945
0.0821497
1.27277
0.102974
0.530508
0.00203788
0.0137163
0.00110271
0.626886
0.0285583
0.539647
0.142814
0.503886
0.499022
0.089275
0.847808
0.0149195
0.0244443
0.00702372
0.00722717
0.200828
0.000638692
0.0453251
0.0502142
0.0596908
0.109411
3.1359e-05
0.935949
0.00565771
0.0480958
0.000390549
0.0162199
8.765e-05
0.00341115
0.000195693
0.385599
0.0369179
0.0614491
0.00549911
0.363528
0.0288469
0.0957037
0.00132236
0.000289
5.9085e-05
0.63262
0.0759848
4.0717e-05
0.0458416
0.00369464
2.605e-05
2.626e-05
8.4577e-05
0.134508
0.704449
0.363608
0.427289
2.7657e-05
0.152486
0.794832
0.384739
0.616913
0.599683
0.499943
0.0422146
0.0499368
0.000318473
0.422842
3.6457e-05
0.0753114
0.151047
0.782725
0.0136742
0.341726
0.147214
0.420713
0.0546982
0.0812446
0.000259318
0.347164
0.350983
2.2977e-05
0.917515
0.04805
5.3917e-05
0.183497
3.6107e-05
0.987012
0.350832
0.286923
0.272356
2.8425e-05
0.22021
0.00439129
0.0245958
0.00646325
0.0869078
0.00918382
1.0416
0.285615
0.4733
0.000960377
0.00244386
0.0311562
0.176445
0.225456
1.03605
0.109651
0.00578133
0.609781
1.43355
0.00424288
0.502205
0.085181
0.598122
0.000467094
0.00503453
0.424772
0.00107135
0.703193
0.000625841
0.0217562
0.529507
0.30686
0.0102357
0.00295076
0.481664
0.000263928
4.0088e-05
0.00444682
0.00396848
0.0348193
0.000823071
0.0624671
0.0187832
0.0260492
0.00771445
0.485993
4.3511e-05
0.0010944
0.335489
0.0031371
0.0463361
0.255832
0.0159093
0.0811681
1.67278
0.449041
0.413638
0.000132488
0.000150297
4.5815e-05
0.416698
0.0103841
0.00107373
0.000219229
0.00358701
0.386857
0.763831
0.00116424
0.0444071
0.375036
0.0702752
0.000429101
0.0114022
0.00784274
0.0265037
0.00383767
0.0531615
0.000988873
0.977488
0.000554813
0.000215667
0.792157
0.204537
0.0166889
0.0112362
0.000178373
0.0178764
0.0766266
1.79379
0.118833
0.00186579
0.105842
4.1066e-05
0.212812
0.255118
0.00646339
0.000480573
1.24008
0.760662
3.9111e-05
0.000466884
0.0200111
3.2825e-05
0.210983
0.00656368
0.000300105
0.335257
0.02313
0.0133046
0.191229
0.0153504
0.0695669
2.4934e-05
3.3454e-05
0.209847
0.000313794
0.0502601
0.85524
4.9727e-05
0.00925527
1.12254
0.00430916
0.00774727
0.0106099
0.00662612
0.628153
0.864469
3.1009e-05
0.73965
0.847209
1.58443
5.7619e-05
0.00182968
0.00236606
0.00148216
0.186866
0.00446058
1.66552
0.00155619
0.375965
0.0203768
0.00235893
0.00025366
0.208113
2.4654e-05
3.96e-05
2.32933
0.00785336
0.358958
1.21203
0.472238
0.746474
0.00933154
0.384621
1.08649
0.000609428
0.000490769
0.00614059
0.0968369
0.000287254
3.09928
3.2336e-05
0.000203027
0.454219
0.000131719
0.0378298
0.00230278
0.0308568
2.654e-05
0.201342
0.0875158
3.62672
0.0211291
2.1379
0.0332424
1.05704
4.59902
0.0182659
0.801446
0.599089
2.04238
0.0438838
0.000586591
0.0282
0.0048938
0.000256175
0.035908
0.488106
0.0496649
0.0354462
0.000111745
0.277068
0.000178303
0.00036834
0.5726
0.0180377
0.488517
3.1987e-05
0.011729
0.148194
3.3104e-05
2.93194
0.234979
0.00177653
0.0154839
0.0112024
3.12027
0.00012725
1.27764
0.0355946
4.77998
0.00217686
3.5409e-05
2.27003
0.00524956
0.00143431
0.490312
0.00164872
0.00201308
2.19405
0.234315
0.00683864
0.0693888
0.00591598
0.557827
0.248346
8.65685
0.00155444
4.84e-05
2.17077
1.51968
1.11968
0.149169
0.0296512
0.000268467
1.38618
0.000280899
2.70744
0.0412312
5.96918
0.0332681
1.56479
0.00112464
0.00279278
0.00427172
0.0110003
6.18595
0.000397602
0.000571435
0.00771842
1.15321
3.8971e-05
2.3955e-05
4.2151
0.00269228
0.0407048
0.614223
0.0724519
0.0889608
0.484176
3.54242
3.3034e-05
0.469115
0.00214334
4.48719
0.00557362
0.0861583
0.0770327
0.174076
0.0148141
5.08358
0.0561607
2.47203
2.56245
0.763541
3.54529
0.000184379
0.180634
0.277432
0.000255895
0.00669456
0.311489
0.00647882
0.726522
0.294833
3.2196e-05
0.0907882
0.103462
0.000252264
4.0927e-05
8.1036
0.0105135
0.000171808
1.12531
0.000438459
0.236214
0.0413614
0.404105
1.87358
0.331379
0.0231986
0.435854
0.000369107
0.0166602
2.5282e-05
0.000119218
9.7288e-05
0.0588012
0.0354133
0.00902381
0.570157
4.01394
0.788765
0.847565
3.52e-05
0.873295
0.367263
0.0238022
3.98295
0.0118098
9.03935
0.897296
0.0123632
0.129937
1.66022
3.32095
0.0274653
5.2939e-05
0.195643
3.82699
1.5053
0.00867615
3.8832e-05
0.00101744
0.927535
0.0281959
0.194529
3.2615e-05
5.2521e-05
0.0378888
0.244798
3.76041
0.00332888
4.8095
3.7225e-05
4.1485e-05
0.591524
0.0813115
5.3847e-05
0.015244
0.242864
0.0088592
0.100747
0.0379826
0.00170027
1.15555
0.00479064
5.0704e-05
0.713806
0.151203
0.331797
0.860493
6.0273e-05
0.000350529
3.7923e-05
0.650802
0.0190608
3.41869
0.0107295
0.11095
0.000626399
3.28189
0.0208368
0.0280922
0.0159079
0.0271906
4.2323e-05
0.000659225
10.7054
0.000180818
0.000361704
6.79006
2.7657e-05
0.0043313
3.12567
0.0137135
0.000114399
0.467438
5.76753
0.848698
3.20576
4.8399
0.171295
3.43985
4.92739
0.000239763
0.226863
4.70156
5.61872
0.00314597
8.60965
0.402837
0.395278
0.000527994
3.94432
3.05162
3.3873e-05
0.0149705
0.1989
0.0064115
0.000190874
0.478941
3.3524e-05
0.000633733
5.5244e-05
0.0175932
3.6318e-05
0.143529
11.8442
0.00224167
0.219129
3.0521e-05
0.00598303
1.16862
0.617109
0.422813
0.0129109
0.0797005
2.53039
0.0629776
0.469006
0.772752
0.695951
0.629096
0.000296892
5.294e-05
3.50909
0.160521
0.0673853
0.0404983
0.00361082
0.000138284
0.0191568
3.52e-05
2.5352e-05
0.484664
0.603347
9.4215e-05
0.502487
1.23607
0.000383424
8.1224e-05
9.95385
0.585706
3.8342e-05
0.269217
0.00458587
0.202788
0.182722
5.283
0.00355768
0.00109929
5.91619
2.62157
4.1276e-05
6.83999
0.0937426
1.36569
9.22891
0.000112024
0.24218
0.178957
0.476839
7.90803
1.92765
0.0552333
24.4593
14.3484
0.223812
0.00427438
0.00764544
1.11918
0.0266733
4.8679e-05
0.00580864
0.0768521
2.86795
9.59754
0.00017488
10.4973
0.327056
7.23898
0.0129531
0.184952
0.00676252
6.41282
5.0145e-05
1.18675
0.000805051
0.00076636
1.04709
0.0180662
0.937855
0.000133885
0.0321561
0.0048947
11.2944
0.0244225
4.68102
0.0514843
43.9455
1.27715
1.98788
0.0116211
0.0450147
5.699e-05
0.00787124
0.000667675
5.8736e-05
1.53739
10.4888
1.683
0.000385101
5.68735
0.147645
0.0135948
0.000451868
0.610345
1.57252
51.3134
0.00156415
0.234756
0.160304
3.46879
34.8802
0.220071
0.0924289
2.29229
0.231937
0.0393258
0.802495
2.08678
0.000614178
5.3218e-05
0.00269019
0.0919982
0.042114
0.0487553
14.3168
4.9168e-05
21.3817
5.4056e-05
0.373164
7.75619
11.5329
0.461424
0.115694
3.7295e-05
1.97631
5.02174
0.440158
9.63976
3.6107e-05
4.4698e-05
60.793
8.1503e-05
0.101562
0.000577651
19.7581
5.73567
43.4636
1.30654
0.000356816
17.7037
3.29779
4.3301e-05
0.0579025
0.00826947
7.1028e-05
7.54236
0.0606647
0.442981
0.0800717
39.7158
0.00353393
0.719649
0.0173248
0.00126886
4.38974
0.0465187
3.2056e-05
0.000922384
1.27984
0.0277506
12.3606
0.00345396
0.000106297
0.000477499
1.18779
18.4822
4.0368e-05
12.7312
0.000129764
4.45655
6.51471
0.303005
0.000604958
0.0825892
7.45022
30.5132
0.0619264
0.000827191
0.868965
0.00476731
0.0304447
0.00111619
1.6288
76.3185
0.0750306
1.38903
49.8216
0.0211772
0.00115362
0.0273978
0.114691
0.0278722
1.08879
0.000685904
31.1013
17.5414
0.000296892
0.000397882
5.24532
0.166936
4.1834e-05
0.183515
0.0444009
4.0578e-05
0.243723
3.20996
0.074042
6.12582
0.178624
12.1226
0.00137488
1.58397
6.0342e-05
1.10555
2.1496
0.00247452
0.159521
0.523164
18.0119
6.9282
0.465799
1.73747
84.3569
0.168994
0.0111169
0.000467233
41.0752
0.704091
0.00362905
0.218372
0.290258
0.00118743
0.0008274
142.528
0.000454661
0.000509906
38.1548
0.543656
1.26342
0.00389284
30.8833
0.00151603
6.53413
77.367
0.000650425
0.0277018
2.44658
3.04725
5.70754
3.28263
33.7132
18.0665
6.03753
1.05217
0.0855663
7.4101e-05
0.00831675
3.1987e-05
62.2213
0.293641
47.6112
5.03288
0.0608887
24.0406
0.102999
5.84092
0.000257921
0.668827
0.632526
0.116423
0.000795134
0.230529
0.000314911
0.0946349
0.000570317
0.0307268
