1.7461e-05
7.8503e-05
9.9316e-05
0.000134865
2.5493e-05
6.642e-05
0.000131373
1.2152e-05
0.000102808
3.3873e-05
8.5835e-05
3.2896e-05
7.2217e-05
1.1874e-05
0.00010204
1.4597e-05
0.000127392
1.4248e-05
2.8426e-05
0.000233483
0.000109303
2.8356e-05
2.1372e-05
9.219e-06
7.1309e-05
0.000165387
7.2008e-05
1.774e-05
5.2871e-05
4.54e-06
5.2591e-05
7.613e-06
4.2115e-05
0.000125646
0.000155748
4.3931e-05
7.1029e-05
4.7702e-05
3.7087e-05
3.841e-06
2.8845e-05
1.4597e-05
8.87e-06
2.4515e-05
8.4579e-05
5.9365e-05
0.000163151
4.7772e-05
3.7156e-05
7.8503e-05
7.2356e-05
0.000108814
0.000107137
2.3816e-05
8.2763e-05
6.9912e-05
1.327e-05
0.000148205
0.000114192
5.1683e-05
7.333e-06
4.0718e-05
0.000113354
7.543e-06
2.8146e-05
8.3671e-05
9.6243e-05
1.76e-05
9.694e-05
0.000201355
1.1734e-05
3.7016e-05
0.000114053
9.219e-06
1.1035e-05
3.2058e-05
3.841e-06
0.000111817
3.1359e-05
0.000111887
6.9423e-05
0.000111608
4.1067e-05
2.8076e-05
6.3068e-05
2.3467e-05
5.0845e-05
1.6762e-05
6.9004e-05
0.000128789
0.000104694
3.1918e-05
3.701e-06
8.8979e-05
3.6108e-05
1.3829e-05
5.169e-06
5.0985e-05
0.000165455
0.000111956
8.7232e-05
0.000103017
5.8947e-05
0.00013724
2.5422e-05
7.3614e-05
0.000109582
8.5557e-05
9.569e-06
0.000148554
0.000209666
0.000196815
3.6667e-05
6.775e-06
8.9258e-05
4.0788e-05
0.000190948
0.000191577
4.407e-05
0.000103366
2.2419e-05
2.633e-05
1.8787e-05
3.974e-05
1.8858e-05
5.1195e-05
0.000116846
6.844e-06
0.000178377
7.2915e-05
1.767e-05
3.4572e-05
1.5086e-05
0.000187037
1.1454e-05
0.000112097
3.5969e-05
6.4465e-05
8.8e-06
0.000169507
8.7582e-05
2.7657e-05
0.000193253
2.179e-05
0.000203659
0.00011517
0.000158332
0.000116707
0.000220701
0.000109093
6.5093e-05
0.000158751
1.3479e-05
0.000133258
0.000211342
2.8635e-05
0.000134865
5.0566e-05
2.675e-05
3.4223e-05
0.000107068
4.749e-06
9.01e-06
9.149e-06
2.221e-05
0.000127112
2.3536e-05
8.8071e-05
0.000206244
4.889e-06
0.000150789
0.000208688
0.0001767
0.00015924
0.000192136
5.2591e-05
9.149e-06
9.9245e-05
7.193e-06
3.094e-05
5.3569e-05
1.1733e-05
0.000229152
0.000172021
5.308e-06
3.3943e-05
0.000160776
0.000175863
0.000105182
7.6338e-05
0.000228524
0.000216511
3.3175e-05
7.124e-06
0.000169717
0.00020792
5.8178e-05
3.122e-05
0.0001415
0.000134795
9.708e-06
2.0743e-05
1.3759e-05
0.000147366
0.000172021
0.00016825
0.000116217
8.661e-06
0.000222237
0.000100503
0.00016818
0.000231666
3.2058e-05
2.1442e-05
0.000237533
0.00022126
0.000104275
5.9365e-05
0.000166783
0.000200098
9.4078e-05
8.1506e-05
0.000190459
0.000214485
3.9321e-05
8.1995e-05
9.7639e-05
4.0858e-05
0.000241165
3.7296e-05
6.425e-06
4.6375e-05
0.000203171
0.000107068
8.4369e-05
0.000192904
0.000183685
7.4102e-05
6.3766e-05
1.1245e-05
0.000241654
8.45e-06
4.0369e-05
7.2147e-05
7.8293e-05
7.2427e-05
1.774e-05
6.495e-06
0.000103227
0.000239139
6.3836e-05
8.9259e-05
5.0356e-05
7.9271e-05
3.5201e-05
0.000239558
8.849e-05
0.000144224
4.0229e-05
0.000227616
0.000133747
0.000176701
2.1441e-05
0.000108744
7.3125e-05
0.00020338
0.000106859
0.000113074
5.0635e-05
0.000111608
1.1664e-05
2.1232e-05
2.5982e-05
0.000195768
0.000195697
1.8438e-05
0.000152884
2.9753e-05
1.4178e-05
7.7735e-05
0.000175722
0.000213438
6.146e-06
6.3556e-05
3.4432e-05
5.0147e-05
7.9969e-05
1.0686e-05
0.000156795
0.000139126
4.0509e-05
2.5073e-05
0.000185221
2.0813e-05
8.6395e-05
0.000219094
3.0241e-05
5.9645e-05
0.000123341
0.0001415
1.2711e-05
6.0274e-05
1.5574e-05
1.5574e-05
0.000122084
0.000190809
0.000119081
0.000152117
2.3955e-05
6.202e-05
0.000127113
8.2414e-05
7.7175e-05
0.000219723
7.753e-06
0.000165875
3.2617e-05
3.2197e-05
0.00020771
0.000164897
7.264e-06
3.3105e-05
8.87e-06
0.000138636
0.000232784
3.8414e-05
0.000155119
1.5365e-05
0.000151208
2.4864e-05
2.8286e-05
0.000220142
1.5854e-05
1.1594e-05
0.000135354
0.00021218
9.708e-06
0.00023914
8.4229e-05
0.000110071
6.566e-06
2.3187e-05
3.3035e-05
0.000151347
0.000187526
9.5265e-05
0.000140243
8.3392e-05
3.3524e-05
8.2624e-05
2.8286e-05
0.000137728
7.7664e-05
0.00021239
0.000246263
0.000107627
2.3258e-05
0.000211971
0.000221818
1.7251e-05
4.3023e-05
6.6979e-05
7.333e-06
0.000115589
0.000117265
1.9416e-05
0.000242282
2.4445e-05
7.6477e-05
0.000232923
1.9905e-05
0.00011063
2.4654e-05
5.783e-05
0.000144294
6.9842e-05
2.8775e-05
1.5924e-05
0.000237812
2.8216e-05
1.5225e-05
1.2432e-05
7.123e-06
0.000245215
8.3531e-05
0.000233691
9.6731e-05
5.9924e-05
0.000138846
9.1213e-05
9.1284e-05
6.8375e-05
0.000102947
5.3429e-05
0.00023418
2.8147e-05
0.000194021
7.529e-05
6.9493e-05
0.000158751
4.1976e-05
9.3239e-05
0.000243749
8.3531e-05
8.9258e-05
5.734e-05
2.6331e-05
4.5887e-05
0.000159799
3.5759e-05
0.000160776
0.000109791
0.000118661
0.000160637
6.5931e-05
5.9086e-05
0.000147786
8.9678e-05
6.7537e-05
0.000129696
7.3264e-05
0.000160567
0.000185431
0.000128719
3.7365e-05
0.000160986
1.4039e-05
0.000160358
8.939e-06
0.000115798
0.000107208
0.000196256
5.3988e-05
0.000100572
4.6305e-05
0.000105462
0.0001855
9.3728e-05
0.000259673
0.000203869
8.9398e-05
0.000145481
0.000147716
0.00011063
4.3092e-05
1.1105e-05
6.8166e-05
1.1175e-05
0.000240536
0.000148345
2.172e-05
0.000189342
1.1733e-05
8.9188e-05
0.000127881
1.7531e-05
0.000186757
6.4604e-05
0.000168389
0.000220002
1.0966e-05
0.000148274
0.000100852
0.000228453
0.000193812
4.2744e-05
2.1721e-05
5.287e-05
0.000216091
1.0826e-05
0.000208758
0.000130255
0.000195698
0.000110421
1.732e-05
0.000217838
1.4667e-05
0.000116288
0.000106299
3.548e-05
0.000148415
0.000143316
8.2274e-05
0.000109513
0.000140523
0.00017265
0.000259184
0.000150231
4.7842e-05
0.000261977
2.5982e-05
3.0521e-05
2.6749e-05
0.000196466
0.000178028
0.000109792
2.5353e-05
2.2001e-05
8.2204e-05
3.1009e-05
0.000170205
0.000171183
0.00013298
0.00021714
2.0324e-05
8.0737e-05
0.000257508
0.000200726
0.000161475
5.8109e-05
0.000262816
5.1055e-05
0.000274689
7.1239e-05
1.6064e-05
0.000124668
0.000133678
4.9099e-05
2.8496e-05
0.000147088
0.000228523
2.8006e-05
0.00026959
0.000204428
0.000186338
8.5975e-05
0.000215812
1.1943e-05
0.000247381
0.000125855
0.000216371
3.5131e-05
0.000104763
0.000107836
0.000202472
0.000149253
5.8178e-05
0.000279019
9.1005e-05
0.00022133
4.5327e-05
0.000138636
5.8039e-05
0.000112865
1.2432e-05
0.000114052
0.000248707
0.000255343
1.9835e-05
0.000125925
0.000204288
0.000156725
0.000136052
2.3118e-05
0.000122084
8.9048e-05
5.0705e-05
5.6432e-05
1.6064e-05
5.5944e-05
7.6896e-05
0.000154421
1.5435e-05
0.000248428
0.000232784
9.4915e-05
0.000103576
6.4255e-05
1.1803e-05
0.000147157
0.000115728
5.9645e-05
0.000155678
0.000116008
1.5994e-05
0.000233133
3.4013e-05
1.9137e-05
8.7791e-05
0.000140103
9.7709e-05
2.3187e-05
0.000154211
0.000123411
0.000169157
2.8985e-05
3.9601e-05
0.000273292
9.8407e-05
8.6674e-05
0.000237253
0.000134027
0.000114332
0.000104344
0.000184523
1.292e-05
0.000141919
2.8565e-05
2.8635e-05
0.00011077
0.000213298
0.000151558
6.8864e-05
0.000205825
7.096e-05
0.000216091
1.3619e-05
0.000254574
4.84e-05
4.1696e-05
0.000220701
4.9378e-05
4.7772e-05
1.8508e-05
1.0266e-05
0.000217767
4.875e-05
3.5759e-05
0.00027839
0.000154072
0.000162942
0.000226428
0.000112096
0.000121245
0.000117265
6.188e-05
0.000211901
5.6362e-05
1.3969e-05
0.000122433
0.000177609
0.000138287
0.000182078
0.000152466
4.3442e-05
0.000261628
0.000177468
8.1855e-05
0.000117265
3.0382e-05
5.1054e-05
5.3429e-05
0.000128929
0.000131373
0.000178796
1.0546e-05
3.5619e-05
8.3741e-05
0.000103436
8.4788e-05
0.000173278
1.7391e-05
3.6667e-05
0.000130395
1.7949e-05
4.1068e-05
0.000111748
2.6051e-05
0.000130884
0.000209177
4.6166e-05
0.000165317
0.000161475
0.000268123
0.000238581
0.000234251
0.000125157
0.000273781
7.7804e-05
4.7912e-05
7.4871e-05
6.16e-05
3.1359e-05
6.0972e-05
9.4915e-05
4.8819e-05
0.000142269
3.0312e-05
0.000182148
0.00020345
0.000232784
4.9239e-05
0.00015463
5.4407e-05
8.2553e-05
5.9645e-05
3.1219e-05
0.000151977
1.1664e-05
7.3962e-05
0.000282302
0.000221399
0.000151068
1.781e-05
2.0813e-05
6.195e-05
0.000174745
9.4567e-05
0.000186548
0.00018145
7.3892e-05
6.3416e-05
0.00030109
0.000108744
0.000215183
2.2908e-05
0.000226847
0.000151557
1.1594e-05
0.000154282
3.3873e-05
0.000118801
0.000182009
1.1594e-05
2.7587e-05
0.000144643
0.000116776
1.2013e-05
0.000183405
1.4807e-05
1.4806e-05
1.4597e-05
2.2838e-05
5.8807e-05
1.1664e-05
1.2362e-05
4.5606e-05
0.000135005
9.6452e-05
1.1803e-05
5.8108e-05
2.3746e-05
0.000179354
0.000276854
2.7378e-05
5.9366e-05
5.0914e-05
2.7448e-05
0.000262187
1.2851e-05
5.2382e-05
0.000158682
5.6711e-05
5.2312e-05
3.2896e-05
1.9696e-05
0.000158681
0.000137868
5.769e-05
0.000163081
0.000153932
0.000138218
0.000151487
3.3664e-05
0.00027413
0.000236415
0.000217558
0.00019898
0.000139195
2.8216e-05
8.6744e-05
9.0096e-05
1.9766e-05
1.4527e-05
7.7525e-05
0.00021651
0.000136611
0.000250663
7.3753e-05
7.9829e-05
2.3537e-05
0.000287331
1.2083e-05
0.000232295
3.3035e-05
0.000204777
2.4305e-05
0.000229152
1.9626e-05
2.3048e-05
3.9321e-05
6.3486e-05
4.4699e-05
5.6153e-05
0.000157005
0.000268403
7.2007e-05
0.000292569
0.00019011
0.000164338
0.000173558
0.000266657
4.0229e-05
0.000214764
0.000294105
9.0655e-05
1.1804e-05
1.1244e-05
0.000267426
0.000157704
0.000112376
0.000193113
6.202e-05
0.00031848
0.000165945
6.9982e-05
3.5969e-05
6.7817e-05
0.000237533
0.000305838
0.000275597
3.5969e-05
2.5352e-05
8.6395e-05
0.000156167
6.635e-05
7.0122e-05
0.000131023
4.7912e-05
7.4451e-05
0.000147995
0.000167411
0.000190529
0.000145621
0.000144642
0.000219164
0.000258137
4.84e-05
5.4617e-05
6.23e-05
8.5627e-05
0.000231247
7.4382e-05
2.647e-05
0.000309051
0.000183614
0.000286213
0.000202053
0.000176421
0.000202542
3.2616e-05
0.000151907
0.000195838
5.5315e-05
0.000183056
5.5734e-05
0.000210504
0.000224472
0.00011056
0.000180891
0.000274759
9.9665e-05
0.000103436
4.8331e-05
6.2019e-05
0.000179145
0.000306188
0.000192485
0.000156865
0.000208059
8.402e-05
0.000104064
0.000260092
8.7512e-05
0.000168808
0.000118033
0.000312753
1.6343e-05
0.000283769
0.00025625
2.633e-05
3.0591e-05
8.5207e-05
0.000273432
0.000112865
4.2464e-05
0.000165945
0.000277063
4.1626e-05
1.7042e-05
0.000112027
0.000165316
0.000135144
4.3721e-05
7.0261e-05
1.2642e-05
0.000123411
5.5455e-05
7.5988e-05
2.1302e-05
0.000157144
1.6902e-05
0.000205894
0.00015023
0.000292499
4.2534e-05
1.2013e-05
0.00016811
4.0927e-05
4.1067e-05
0.000125506
0.000200377
0.000154491
1.3759e-05
0.000243749
0.000326372
1.767e-05
0.00011091
1.7461e-05
0.000173977
5.2522e-05
0.000174605
0.00030095
1.3619e-05
0.000155259
0.00012355
0.00028272
0.000153374
0.000162732
9.2471e-05
5.6921e-05
0.000315896
0.000271685
0.000281254
0.000151976
2.8006e-05
0.000135005
8.9886e-05
9.1354e-05
0.000308074
2.7448e-05
2.7518e-05
3.8832e-05
0.000297667
6.7677e-05
8.8979e-05
4.3581e-05
0.000143386
4.5956e-05
2.7029e-05
0.000272105
0.000305909
0.000261978
0.000188155
0.000153583
6.5652e-05
3.8204e-05
0.000147716
3.3664e-05
5.1474e-05
8.1576e-05
0.000256879
0.000190948
8.1227e-05
0.000266377
5.2591e-05
0.000128928
0.000272454
0.000110909
0.000210085
3.2896e-05
0.000127323
0.000313801
0.000148345
0.000245704
2.249e-05
9.2401e-05
0.000192415
3.8832e-05
7.0819e-05
0.000131862
4.449e-05
1.3898e-05
0.000281254
0.000118312
4.9728e-05
6.4254e-05
0.0001283
0.000314639
0.000224053
1.7809e-05
0.000209596
0.000319876
0.000186758
0.000301997
0.000226638
0.000132561
0.00011056
2.2419e-05
0.000315128
0.000164059
0.000257508
0.000259813
0.000152954
0.000100921
4.9867e-05
0.000299204
0.000120617
0.00028321
8.3461e-05
0.00022119
0.000143596
0.000185641
0.000160986
4.8261e-05
0.000165316
0.00026072
0.000104134
9.1563e-05
0.000229361
0.000209316
0.000347674
0.000267146
1.8368e-05
0.000166155
0.0001943
0.000234879
0.000313312
9.6941e-05
8.7582e-05
5.3778e-05
3.4013e-05
7.4242e-05
4.6934e-05
8.7303e-05
6.195e-05
0.000299762
4.1765e-05
0.00013696
5.3779e-05
4.6654e-05
0.00020806
1.6343e-05
7.7455e-05
0.000304302
0.000285584
0.000191018
0.000182288
0.000286282
0.000277343
1.9416e-05
0.000104134
6.2438e-05
0.000100642
2.3536e-05
0.000235298
0.000206803
0.000310657
2.8705e-05
2.3886e-05
9.7081e-05
0.000122014
1.8857e-05
0.000181379
0.000262467
0.00013249
2.0463e-05
5.294e-05
3.5829e-05
0.000103087
2.3747e-05
0.000267286
3.5479e-05
1.4876e-05
7.8713e-05
2.9403e-05
0.000165106
0.000192555
4.0648e-05
1.4807e-05
9.4357e-05
8.5067e-05
2.9264e-05
0.000232434
0.000103785
0.00022133
9.3937e-05
9.4007e-05
0.000194021
2.9683e-05
0.000318829
0.000260022
0.000288308
7.962e-05
0.000141361
2.9403e-05
0.000165944
6.663e-05
0.000206873
5.3848e-05
0.000293337
0.000195278
0.000168739
0.000283349
0.000166643
0.00015917
0.000314709
0.000298505
1.9346e-05
1.9136e-05
3.8134e-05
0.000242212
2.5981e-05
0.000118662
0.00027874
0.00030109
0.000153583
9.1633e-05
0.00021218
9.4287e-05
3.6737e-05
0.000123551
0.000276714
0.000143595
3.0451e-05
0.000274759
6.6141e-05
0.000310029
0.000167691
0.00022573
3.8204e-05
0.000117265
0.000263305
0.000102249
0.000140802
1.6832e-05
0.000221329
3.967e-05
0.000214904
0.000133399
0.000214625
0.000120338
0.000127392
8.1087e-05
0.000175862
3.2756e-05
0.000279019
0.00018131
0.000161265
0.000343832
2.1022e-05
0.000294804
0.00015924
3.7575e-05
1.6972e-05
0.000139545
4.4559e-05
2.0184e-05
1.5994e-05
0.000347813
0.000153652
0.00024333
4.6095e-05
2.1372e-05
1.7041e-05
0.000150789
8.849e-05
8.2274e-05
0.000182497
1.8159e-05
2.5702e-05
4.9588e-05
3.087e-05
6.3906e-05
9.0096e-05
0.000227056
3.2546e-05
0.000204427
0.00024319
0.00024354
8.0109e-05
0.00021651
0.000276086
3.7854e-05
2.4724e-05
0.000210574
0.000202263
0.000153862
0.000202333
0.000257089
0.000205895
6.4464e-05
0.000175303
5.0216e-05
0.000315197
0.000118383
7.3265e-05
1.9765e-05
2.4514e-05
0.000107767
0.000301369
0.000199958
0.000150649
0.0002654
0.000237184
0.000215742
0.000236206
8.8489e-05
1.6413e-05
0.000275038
6.9143e-05
2.7727e-05
0.00013696
0.00014597
0.000315198
0.000232644
0.000253247
0.000169786
5.2521e-05
0.000147437
0.000313451
3.4921e-05
0.000252688
0.000115659
0.000248219
0.000279578
6.9283e-05
6.0554e-05
0.000251012
6.2719e-05
0.000196326
0.000196256
9.6452e-05
0.000225241
0.000190041
0.000330213
0.000175094
3.9112e-05
0.000178796
0.000257718
0.000281464
0.000361573
0.00016804
9.4427e-05
0.000158402
0.000220911
0.000206104
0.000171811
6.3626e-05
2.654e-05
0.000224333
2.2629e-05
4.002e-05
0.000173209
0.000281813
9.6382e-05
0.000262118
0.000203031
0.000283349
0.000348163
6.3207e-05
0.000155818
0.00032288
0.000115659
0.000276156
4.6515e-05
3.8972e-05
5.4197e-05
0.000135214
1.6832e-05
0.000130884
0.000184034
7.6687e-05
6.7118e-05
8.1854e-05
0.000169646
0.000155189
0.000123271
0.000232994
0.000311217
0.000305629
0.0001283
2.207e-05
0.000144713
0.000339992
0.000157214
6.8096e-05
0.000112515
0.00013724
6.216e-05
0.0003365
7.9201e-05
5.329e-05
2.235e-05
8.2274e-05
7.7525e-05
6.9912e-05
0.000136053
0.000265819
0.000358779
0.000286283
0.000284048
5.5874e-05
0.000104623
5.8737e-05
5.2451e-05
0.000283419
9.3938e-05
0.000352913
5.5664e-05
2.3467e-05
0.000245356
0.000251781
5.7271e-05
2.3537e-05
0.000317363
0.000297528
3.5899e-05
9.736e-05
9.8198e-05
0.000190529
0.000127811
0.000176841
0.000185291
2.9403e-05
0.00014129
2.8775e-05
1.8019e-05
0.000127532
0.000166155
0.000132071
0.000180542
7.8851e-05
2.9892e-05
0.000214066
9.9525e-05
0.000206523
0.000139614
0.000218466
4.8749e-05
3.5201e-05
0.00015072
8.6953e-05
0.000304232
0.000156516
0.000206523
0.000141011
6.2579e-05
0.000352493
8.1785e-05
0.000208479
0.000236346
3.4921e-05
0.000107696
2.3536e-05
7.941e-05
0.000120058
0.000130325
7.8433e-05
0.000174186
0.000153583
9.9525e-05
0.000358221
9.6731e-05
0.000337757
0.000143107
9.7849e-05
0.000290403
0.000193603
0.000291032
5.7411e-05
0.000202332
0.000277972
0.000166853
0.00014115
0.000310658
0.000229431
9.0585e-05
0.000238162
0.000144573
0.000109372
0.000139335
0.000360036
0.000152465
2.3397e-05
0.00018131
0.000153513
0.000240117
0.000280835
2.2629e-05
0.000347534
0.000119989
0.000115379
4.1835e-05
1.8089e-05
0.000271825
0.000118452
2.8775e-05
0.000309889
0.00028265
0.000249756
9.8966e-05
7.0261e-05
0.000325254
8.807e-05
1.9276e-05
0.000178516
0.000151208
0.000120128
0.000173837
0.000382805
0.000239419
0.000246402
0.000310798
2.0743e-05
3.0521e-05
0.000326442
4.5188e-05
3.7156e-05
0.000126763
0.000201983
0.000255412
0.00013277
0.000385388
0.000153024
6.6839e-05
3.7855e-05
0.000208339
0.000223634
7.5918e-05
0.000283559
0.000156586
5.1962e-05
3.7365e-05
0.000100084
0.000383364
0.000172789
0.000337477
0.000113773
0.000217697
6.2159e-05
0.000120408
0.00038455
3.9111e-05
5.1195e-05
0.000348443
0.000236206
2.1023e-05
0.000369395
0.000357591
0.000267355
4.456e-05
0.00031848
6.5722e-05
0.000260162
0.000283838
2.5004e-05
0.000265609
0.000278181
0.000112306
1.9625e-05
0.000195069
0.000157704
0.00024305
2.0394e-05
9.2192e-05
0.000143595
9.2471e-05
0.000180682
3.1499e-05
4.3022e-05
4.3232e-05
0.000197095
0.000241025
4.3861e-05
0.000123969
0.000120966
5.9925e-05
0.000347674
0.000382036
2.0254e-05
5.1194e-05
0.00012376
9.1144e-05
4.2464e-05
5.6223e-05
0.000280905
4.4768e-05
2.3816e-05
0.000333636
6.67e-05
0.000241654
0.000242352
0.000176631
0.000310099
0.000161125
0.000207082
0.000250035
0.000158402
0.000135424
7.6128e-05
2.4514e-05
0.000341877
0.000114401
0.000167551
0.000103995
0.000153792
3.7575e-05
0.000332379
7.4172e-05
0.000121315
7.0261e-05
0.000336779
0.000321763
0.000329725
0.000150929
7.8224e-05
7.0819e-05
0.000117055
0.000251432
0.000333077
0.000313033
0.000368976
2.249e-05
0.000264283
0.000268124
0.000142338
0.000218117
0.000196675
0.000191088
7.0401e-05
0.000106718
0.000120478
0.000192555
0.000207431
9.7779e-05
3.9041e-05
0.000170065
0.000370163
0.000361782
3.4223e-05
0.000295083
0.000169995
0.000245146
0.000215183
2.661e-05
0.000372258
4.7353e-05
0.000200376
0.000183545
0.000350747
0.000240606
0.000316106
0.000280416
0.000255412
0.000269311
0.000280905
0.000341737
3.3245e-05
0.000348512
4.0928e-05
0.000283629
3.3454e-05
0.00019025
4.0508e-05
7.7664e-05
0.000120198
0.000155957
6.1531e-05
0.000104484
0.000164688
0.000115938
0.000117684
0.000383154
0.000268054
8.7233e-05
4.5607e-05
0.000162523
2.1163e-05
0.000138986
0.000193184
9.0096e-05
0.000359268
0.000290962
3.2128e-05
7.0261e-05
0.00021211
6.2299e-05
0.000273572
0.000344461
0.000253177
0.000183615
0.000196326
0.000190879
0.000351445
0.000122713
0.000334124
0.000221259
0.00027846
0.000140243
5.6711e-05
4.6026e-05
0.000181799
3.3105e-05
2.1301e-05
0.00023446
0.000261629
0.000353261
0.000151697
0.000319737
0.000331191
0.000232016
0.00037617
0.000375611
0.000346836
0.00015938
0.000252689
8.9189e-05
7.9062e-05
0.00020813
0.000251292
0.000339712
0.000163291
0.000133398
0.000311636
0.000404735
0.000171951
0.000185151
6.8446e-05
0.000313731
0.000313451
9.3449e-05
2.2279e-05
0.000143525
0.000360525
2.9264e-05
7.7804e-05
9.3169e-05
0.000232854
0.00024766
0.000107626
0.00010623
0.000175164
0.000288308
0.000121595
0.000138706
7.3962e-05
0.000333217
3.6388e-05
7.3613e-05
0.000374633
0.000157005
0.000225869
0.000117404
0.000148624
0.000390138
0.000180682
6.5303e-05
0.000301927
0.000217
2.1232e-05
0.000357242
0.000150929
5.9156e-05
2.193e-05
0.000157704
0.000151418
0.000203171
0.00034977
0.000286493
0.000160637
0.000202263
0.000217139
0.000331191
5.7061e-05
0.000333775
7.8573e-05
0.000185081
4.1556e-05
0.000173139
0.000315477
0.000352144
3.3734e-05
0.000207711
0.00021665
0.000290752
0.000148066
0.000147576
0.000171183
3.3524e-05
0.000380081
0.000103715
4.6166e-05
0.000266588
2.7727e-05
0.0003673
0.000325395
4.8541e-05
0.00016804
0.000125297
0.000218816
0.000184104
0.000105601
0.000110141
0.000355916
5.8527e-05
0.000135983
0.000243609
0.00012823
0.000306397
7.2007e-05
0.000114821
0.000211272
7.8084e-05
2.4933e-05
0.000314988
9.0725e-05
5.9436e-05
0.00013731
0.000265539
0.000212041
0.000104903
0.00039775
8.5696e-05
0.000361293
0.000179425
0.00025234
5.3918e-05
0.000346278
0.000291382
0.000117754
0.000201425
0.000399846
8.8001e-05
0.000276296
0.000120338
7.6338e-05
2.3956e-05
0.000189691
2.9893e-05
8.9189e-05
0.000110909
0.000117963
0.00011489
2.9264e-05
0.000144014
0.000118313
3.0172e-05
0.000390696
0.000195837
0.000339153
0.000279996
0.000388532
0.000196047
4.428e-05
8.1366e-05
4.2255e-05
0.000330073
0.000399427
0.000423941
0.000131024
5.294e-05
0.000414303
0.000235927
9.8198e-05
0.000224123
8.856e-05
0.000160986
0.00038909
0.000169717
0.000161963
0.000106369
0.000137938
0.000290962
0.000147786
0.000301927
0.000350468
0.000151977
0.000180821
0.00025227
0.000246473
0.00023893
5.1334e-05
7.054e-05
6.9423e-05
0.000208409
0.000289286
0.000230409
0.000373585
0.000196676
0.000257996
0.000327978
0.000193043
0.000183825
0.000306956
0.000177329
0.000239279
0.000412906
0.000162662
0.000130605
0.000122852
9.0026e-05
2.9963e-05
0.000175164
0.000280416
0.000178306
5.9506e-05
0.00014164
0.000222936
5.2172e-05
8.1506e-05
0.000242213
8.6534e-05
5.6293e-05
0.000408716
0.000171393
3.8553e-05
0.000354868
0.000424151
2.5004e-05
0.000234949
0.000282232
0.000172371
0.000432672
0.000305699
0.000436443
0.000426875
0.000440215
0.000192415
0.000147926
0.000341807
0.000147297
0.000186827
0.000162103
9.0725e-05
0.000364157
0.000292988
0.0001547
0.0001239
8.9677e-05
7.075e-05
0.000154001
0.000401941
0.000398239
0.000239488
8.9956e-05
0.000146529
0.000375541
8.1646e-05
0.000227126
6.0134e-05
0.000298016
0.000135494
0.000297248
0.000278391
0.000263165
7.3125e-05
0.000117614
0.000366671
7.089e-05
0.000237812
0.000175233
2.4165e-05
6.1461e-05
0.000139056
0.000134865
0.00011028
0.000100294
0.000140104
0.000334893
0.000392722
8.4159e-05
4.0299e-05
0.000302276
4.0299e-05
6.5023e-05
0.000359058
0.000395097
0.000216162
0.000144154
0.000337827
0.000135354
6.4674e-05
0.000311845
0.000264143
6.174e-05
0.000245774
0.000237882
3.1569e-05
0.000227336
0.000301997
0.000132281
0.00016385
0.000390557
0.000121525
6.1112e-05
8.6814e-05
0.000122991
0.000289984
7.1239e-05
8.1157e-05
0.000148274
0.000284746
2.5422e-05
4.6655e-05
0.000376868
0.000102528
0.000348931
3.2616e-05
3.8623e-05
0.000395237
0.000209596
0.000183754
0.000338246
0.000248428
0.000189272
0.000373586
0.000444824
0.000304302
0.000142058
3.3804e-05
0.000324068
0.000431834
4.8121e-05
4.7074e-05
0.000119011
0.000241793
0.000251502
0.000254644
0.000129557
9.5125e-05
0.000406621
0.000188783
7.4312e-05
0.000392234
6.5582e-05
0.000187387
0.000183964
0.000109652
0.000136401
4.2045e-05
0.000344461
0.000411369
0.000176003
0.000255762
4.1975e-05
0.000387205
0.000341108
0.000263584
0.000117964
0.000284397
5.7689e-05
0.000431275
2.7657e-05
4.2045e-05
4.8261e-05
0.000366322
7.4661e-05
7.6617e-05
2.7029e-05
0.000187106
0.000321344
0.000219793
0.000249965
0.000387065
0.00022964
9.3449e-05
0.000149812
8.423e-05
2.4585e-05
0.000366392
5.5944e-05
0.000366601
0.000218955
0.000266238
0.000160148
0.000122223
0.000329376
0.000128369
0.000165386
0.000198212
0.000207291
0.000194371
0.000399426
0.000378964
0.000192764
6.4674e-05
0.000168808
0.000364646
0.000115309
3.96e-05
3.8972e-05
3.1709e-05
0.000365065
0.000232086
0.00040208
0.000436303
0.000115658
0.000204009
0.000296201
0.000162523
0.000201564
0.000352004
7.2008e-05
0.00020785
0.000186269
6.188e-05
0.000250034
9.3728e-05
0.000124598
0.000138497
0.000134865
8.8489e-05
0.000335591
0.000277483
0.000244727
6.8376e-05
0.000365064
0.000211342
5.0706e-05
7.7106e-05
0.000202263
0.000106439
0.000119849
0.000138218
0.000385388
0.000379382
0.000190879
0.000353401
7.7874e-05
0.000310448
0.00042024
0.000160357
0.000400265
0.000176422
7.508e-05
8.6115e-05
7.2007e-05
0.00031869
0.000287819
0.000204498
0.000183126
3.5061e-05
0.000288797
0.000156307
0.000255622
2.9264e-05
0.00020338
0.000257508
0.000403967
0.000286003
5.308e-05
0.00018145
0.000104973
0.00014611
0.000204149
3.4432e-05
0.000348163
0.000438329
0.00011077
0.000156516
6.8515e-05
6.7607e-05
0.00038029
0.000203031
2.7099e-05
0.000221609
0.000441961
0.000397192
0.000329515
0.000169507
9.8967e-05
0.00011957
6.6141e-05
0.000359966
0.000175164
0.000262956
0.000364786
0.000215603
0.000229851
0.000403547
4.2953e-05
0.000335661
0.000223565
9.9036e-05
8.0807e-05
2.7448e-05
4.9588e-05
0.00018585
0.000133259
0.000338036
0.000205476
0.000300671
2.6471e-05
3.4153e-05
0.000441612
4.0858e-05
5.8458e-05
0.000164618
0.000438608
0.0002478
0.000334055
0.000366252
0.000330074
0.000467173
4.5188e-05
0.00032316
0.000379662
0.000320995
0.000133888
0.000160567
0.000281882
9.6941e-05
6.0414e-05
0.000111747
0.000166713
9.4636e-05
3.7855e-05
0.000438678
0.000307305
6.1251e-05
4.5327e-05
0.000176631
0.000246194
0.00014625
6.0692e-05
8.1366e-05
0.000341528
0.000102039
0.000329166
0.000299902
0.000175443
0.000246682
9.9805e-05
0.000202751
6.195e-05
5.1264e-05
3.6807e-05
0.000308213
0.000148415
0.000151906
0.000317013
7.1099e-05
4.5747e-05
0.000125786
0.000404316
9.6103e-05
0.000137868
0.000334753
0.000294455
0.000293825
0.000114611
0.000144294
0.000186827
0.000224472
0.000148763
6.4953e-05
0.000119081
7.1938e-05
0.000121804
0.000271896
0.000153932
6.3207e-05
0.000103017
6.4185e-05
4.6445e-05
9.289e-05
0.000383992
0.000110909
0.000324626
7.3125e-05
7.082e-05
0.00017719
0.000349001
0.000357312
0.000156516
5.2941e-05
0.000136471
0.000344391
0.000372398
0.000262047
0.000427364
8.1436e-05
0.000399218
0.00014618
0.000366461
0.000175583
0.000400824
0.000332518
0.000133328
0.00021693
5.2172e-05
0.000443637
0.000167691
4.5467e-05
9.282e-05
8.0947e-05
3.8483e-05
0.000331541
0.000169716
0.000122852
9.0794e-05
7.515e-05
7.1798e-05
3.7575e-05
0.000320576
4.4699e-05
0.000260162
0.000420589
0.000167691
9.4007e-05
0.000462704
0.000143316
0.000417027
2.9404e-05
0.000244238
0.000116357
0.000479466
0.000403339
0.000130605
0.000226917
0.00014583
7.2985e-05
5.3988e-05
0.000166434
0.000244936
0.000285444
0.000276435
0.000104414
7.3823e-05
0.000268194
0.000417236
0.000300391
0.00039831
0.000368068
6.4953e-05
6.7328e-05
0.000234879
9.6591e-05
0.00035822
5.6921e-05
0.000167551
0.000180123
0.000179144
2.9613e-05
0.00018166
0.000226777
0.000121037
0.000187246
0.000130744
8.4928e-05
4.6165e-05
0.000280137
0.000470876
0.000270918
0.000145481
3.0311e-05
0.000105811
0.000258556
3.8553e-05
4.6096e-05
0.000385179
0.0001063
0.000222727
0.000306886
0.00023013
0.000431694
0.000131583
0.000448317
4.8191e-05
0.000118382
0.000196047
8.9398e-05
0.00011964
8.6045e-05
0.000198701
3.1289e-05
0.000387973
0.000155818
3.7506e-05
0.000143735
0.000184383
0.000171881
0.000209107
0.000396214
0.000242701
6.3696e-05
0.000117615
0.000301788
0.000199819
0.000182567
0.000450062
0.000186688
9.2052e-05
3.7645e-05
0.000179215
0.000279438
8.3881e-05
6.1181e-05
0.00034495
0.000235088
7.6547e-05
0.000369953
9.9036e-05
6.649e-05
7.3404e-05
0.000127252
0.000395097
0.000180053
0.000188853
