0.000298747
0.000217045
0.00025947
7.6147e-05
6.146e-06
0.000143793
0.00010047
1.8126e-05
0.000239055
5.9551e-05
0.000132689
0.000108582
3.8212e-05
3.6663e-05
0.000233251
1.1778e-05
4.4066e-05
7.0172e-05
9.454e-06
0.000102732
1.1523e-05
2.7563e-05
0.000249727
8.8967e-05
1.9207e-05
0.000203293
0.000220906
0.000144626
7.711e-06
2.6501e-05
0.000108944
0.000115712
0.000167211
3.3028e-05
5.199e-06
0.000161986
0.000175231
4.3091e-05
0.000232014
0.000307737
0.000173151
0.000243883
9.5783e-05
0.000124417
3.97e-06
0.000228572
7.8995e-05
3.312e-06
0.000215022
1.7202e-05
0.000209515
0.000103473
0.000103082
7.8358e-05
0.000130848
0.000227645
0.000124524
9.7532e-05
4.79e-05
8.047e-06
5.438e-06
5.1932e-05
0.000106268
0.00012317
8.6709e-05
6.7463e-05
2.3309e-05
6.0777e-05
0.000162058
0.000130992
1.3477e-05
0.000162169
3.257e-06
0.000196056
3.4419e-05
3.202e-06
2.4608e-05
1.7041e-05
7.1836e-05
0.000167455
0.000151069
0.000207059
0.00012081
2.4667e-05
0.000184377
3.9161e-05
1.3606e-05
0.000130414
1.6668e-05
5.6841e-05
0.000208408
9.919e-05
0.000185824
9.269e-06
4.4853e-05
4.4632e-05
5.049e-05
0.000163735
4.4991e-05
7.6692e-05
2.1432e-05
5.2148e-05
2.834e-05
0.000154471
0.000137257
9.047e-06
0.000173299
0.000144502
0.000130997
1.4538e-05
6.1518e-05
8.686e-06
0.000228719
0.000128296
1.5281e-05
0.000238921
8.669e-06
0.000186683
0.000242172
0.00019466
0.000114003
9.009e-06
6.5029e-05
7.9612e-05
8.9801e-05
4.283e-06
0.000119228
2.8376e-05
0.00010133
0.000212617
7.6056e-05
4.124e-06
5.3501e-05
0.000163306
3.1762e-05
0.000104554
0.00015879
3.6682e-05
0.000160353
0.000218939
0.000126206
0.000124818
0.000227983
2.6977e-05
0.000229361
2.2522e-05
8.6188e-05
5.4667e-05
1.4537e-05
1.1426e-05
7.7475e-05
9.5804e-05
2.7828e-05
0.000118212
0.000127581
0.000253392
8.5433e-05
0.000103258
2.9835e-05
0.000109521
0.000172333
0.000109331
0.000174622
0.00011201
6.0656e-05
5.5856e-05
4.1856e-05
1.912e-05
0.00020784
4.086e-06
0.000130763
1.7006e-05
4.803e-06
0.00013265
3.1885e-05
9.8001e-05
3.7265e-05
1.2679e-05
0.00016401
0.000125491
0.000205655
1.8594e-05
6.7917e-05
4.5728e-05
1.5556e-05
0.00017434
0.00016277
0.000141549
0.000239918
0.000170468
0.000193557
3.9487e-05
6.9426e-05
0.000129284
4.222e-06
0.00017225
0.000110752
0.000153752
3.7531e-05
0.000207736
7.7888e-05
2.1423e-05
0.000159019
0.000103779
5.926e-06
0.000161562
5.415e-06
0.000220216
0.00023812
3.1e-05
0.000221705
0.000114224
5.5317e-05
0.00016137
5.41e-06
0.000104719
0.000165065
0.000160383
5.3286e-05
2.4468e-05
0.0002118
0.000260876
4.6005e-05
7.715e-06
3.1105e-05
0.000131421
0.000161868
4.0082e-05
0.00019173
0.000135153
0.000127182
5.318e-06
0.000154961
3.6714e-05
3.1039e-05
8.1534e-05
5.251e-06
0.000251754
0.000187988
4.2006e-05
3.0513e-05
0.000144019
0.000170505
5.2637e-05
0.000216518
2.0799e-05
0.000136404
5.3071e-05
8.9327e-05
2.1213e-05
0.000175119
3.0977e-05
0.000137512
1.052e-05
0.000110118
0.00015069
4.1329e-05
4.1374e-05
2.5137e-05
0.000129674
1.0166e-05
0.000118062
1.0649e-05
5.175e-06
0.000178581
1.3461e-05
2.0923e-05
4.5676e-05
5.241e-06
2.5477e-05
4.8135e-05
1.3333e-05
7.539e-06
2.9999e-05
0.000108245
9.784e-06
9.2443e-05
7.621e-06
0.000130705
7.607e-06
7.598e-06
7.945e-05
2.5748e-05
8.2004e-05
0.000243068
1.0581e-05
0.000227542
7.617e-06
0.000212955
2.0784e-05
7.2335e-05
0.000110674
1.359e-05
1.3269e-05
5.3402e-05
7.679e-05
2.4055e-05
7.743e-06
0.000148825
0.000108697
8.3435e-05
2.007e-05
9.8908e-05
9.267e-06
1.1886e-05
3.9074e-05
9.058e-06
0.000125083
0.000174715
1.9285e-05
5.9539e-05
5.2528e-05
6.3673e-05
0.000186366
3.9009e-05
0.000156726
0.000161643
6.3762e-05
2.9256e-05
1.1462e-05
0.000256423
4.3518e-05
1.6913e-05
7.3681e-05
0.000298122
7.4821e-05
0.00013947
6.8058e-05
0.000308565
6.8612e-05
0.000133184
0.000198115
4.9753e-05
0.00018459
0.000279844
3.1128e-05
6.8167e-05
8.486e-06
8.1553e-05
1.4841e-05
1.072e-05
4.1465e-05
0.000293853
0.000298855
0.000269098
0.000304608
0.000101723
0.000277285
8.2237e-05
1.3657e-05
2.6753e-05
9.792e-06
0.000164323
0.000135932
0.000101599
0.000144028
8.3435e-05
0.000172493
8.4378e-05
6.7803e-05
0.000139277
2.0288e-05
1.209e-05
2.4278e-05
7.4823e-05
0.000245097
0.000125966
0.000151467
1.7567e-05
0.000112313
4.0988e-05
6.6633e-05
5.854e-05
0.000217823
0.000243813
6.772e-06
0.00013527
1.2481e-05
0.000115445
4.2905e-05
2.8223e-05
0.000268482
0.000190522
6.5887e-05
0.000150181
1.5403e-05
0.000268971
9.209e-05
0.00021557
0.000132237
1.9704e-05
0.000246532
2.8761e-05
0.000167554
2.0064e-05
8.6502e-05
0.00023099
0.000116776
6.6204e-05
0.000265337
0.000196579
5.5533e-05
0.000104829
0.000252748
0.00014339
3.7731e-05
3.1127e-05
3.075e-05
0.000218014
1.0829e-05
0.00025057
3.7545e-05
0.000233011
0.000116275
2.6697e-05
0.000180321
2.5998e-05
0.000233006
7.5291e-05
7.37e-06
0.000169785
0.000225826
5.4246e-05
0.000142503
0.000173561
3.1168e-05
0.000131743
0.000147829
0.000127533
0.000156261
3.0417e-05
0.000161572
6.9496e-05
0.000252647
8.3097e-05
0.000181395
6.7784e-05
0.000212761
0.000140358
0.000263664
0.000162967
0.00014652
2.1974e-05
2.6991e-05
4.6532e-05
0.000111701
2.5731e-05
0.000205098
0.000231691
8.8947e-05
9.0925e-05
5.3494e-05
8.3368e-05
0.000120745
2.643e-05
0.000217837
9.5577e-05
0.000158491
0.000139143
3.148e-05
0.000260694
8.1765e-05
1.4115e-05
0.000125469
8.6039e-05
6.0169e-05
0.000102381
9.4968e-05
8.3309e-05
0.000180335
0.000173209
0.000266618
8.346e-06
7.1703e-05
8.141e-06
0.000134916
7.806e-06
0.000150298
1.4396e-05
2.22e-05
0.000282316
0.00013604
0.000179024
0.000100483
0.000109737
0.000183695
5.5769e-05
0.000263324
8.063e-06
7.7104e-05
3.1232e-05
2.6354e-05
8.9118e-05
0.000227197
1.7437e-05
3.197e-05
0.00011334
9.4353e-05
0.000210594
0.000127136
2.9388e-05
0.000245376
0.000250319
0.000253758
4.6912e-05
0.000116638
4.6044e-05
0.000249901
0.000270513
1.2236e-05
0.000121565
3.9704e-05
8.2271e-05
0.000294484
0.000182564
0.000161459
3.2977e-05
0.000278845
0.000292155
3.3017e-05
8.833e-06
9.6692e-05
0.000224737
7.061e-05
0.000188614
4.4315e-05
0.000250812
0.000192866
9.9986e-05
2.7345e-05
1.8803e-05
4.9724e-05
0.000117424
0.000217022
3.3226e-05
0.000265097
0.000255748
2.8157e-05
6.4357e-05
2.303e-05
0.000206689
8.1775e-05
0.000258559
4.485e-05
3.7892e-05
0.000246404
0.000274432
0.000122592
5.7631e-05
1.1601e-05
5.7662e-05
1.8916e-05
0.000229649
3.3951e-05
0.000194145
0.00022013
0.00012558
1.9298e-05
5.9417e-05
5.797e-05
5.1258e-05
4.3886e-05
0.00015726
3.2868e-05
7.5894e-05
0.000246232
0.000321763
0.000216216
0.00014021
8.6926e-05
3.9149e-05
3.2325e-05
6.0279e-05
1.0798e-05
0.00012454
6.426e-05
0.0001341
1.5225e-05
7.915e-05
0.00016828
0.000105427
9.845e-05
0.000238187
0.000153846
0.000324698
0.0001239
0.000203282
4.4649e-05
8.9391e-05
1.9654e-05
0.000178187
6.2438e-05
1.6765e-05
0.000243928
0.000216229
2.7999e-05
0.000167463
9.007e-06
0.000108339
0.000125072
0.000190983
7.7283e-05
0.000179919
0.000131926
0.000193486
1.0229e-05
2.2143e-05
0.000150097
1.04e-05
3.1971e-05
0.000232077
0.000172193
0.000190142
5.3201e-05
6.0646e-05
1.2951e-05
3.4711e-05
1.668e-05
2.9527e-05
7.8421e-05
7.7079e-05
5.4067e-05
0.000174503
3.9955e-05
0.000166136
0.000105962
0.000243147
0.00017134
0.000169846
0.000270493
1.7568e-05
0.000273903
7.7588e-05
4.1585e-05
0.000134324
7.7986e-05
2.0594e-05
5.2514e-05
0.000263725
0.000179267
7.7717e-05
3.5981e-05
3.6452e-05
0.000281737
1.0134e-05
0.000168513
4.8582e-05
0.000168181
0.000145098
0.000196711
0.000245504
0.000111618
5.4992e-05
0.000201265
1.6753e-05
0.000132892
4.9985e-05
4.2979e-05
7.7842e-05
1.7085e-05
8.4856e-05
5.5973e-05
1.6655e-05
0.00029324
4.172e-05
0.000145817
0.00020727
0.000207437
0.00013518
0.000168041
0.000127891
0.000122216
1.7169e-05
0.000139385
5.6028e-05
2.093e-05
9.76e-06
0.000288146
1.3384e-05
0.000294509
3.1142e-05
0.000203845
0.000100825
1.3001e-05
0.000273977
2.6253e-05
9.986e-06
2.9687e-05
9.4214e-05
0.000256234
0.000263507
0.000217836
0.000144178
3.9085e-05
0.000338232
0.000318025
4.8765e-05
0.000174227
0.000139775
4.5556e-05
0.000243006
1.9767e-05
0.000278362
0.000119584
0.000118327
5.1541e-05
1.5424e-05
0.000239721
0.000191588
4.38e-05
0.000186584
0.000119929
6.3615e-05
5.176e-05
0.000299851
0.000150286
0.000112807
0.000121049
0.000189896
0.000129528
0.000271109
6.7823e-05
9.2488e-05
0.000305987
8.4868e-05
0.000223739
2.413e-05
0.000155189
8.9826e-05
3.2272e-05
0.00027245
1.1359e-05
3.3364e-05
0.000275525
1.4884e-05
0.000254911
4.8656e-05
6.8185e-05
0.000305566
0.000117572
1.1419e-05
2.7614e-05
1.5387e-05
1.8227e-05
0.000294294
0.000247108
0.000216572
6.4806e-05
9.1408e-05
2.8128e-05
0.00027118
3.7687e-05
6.303e-05
1.0816e-05
3.3787e-05
3.8296e-05
0.000150816
0.00021146
0.000173177
0.000294057
0.000100281
0.000142281
1.8852e-05
4.4623e-05
0.00025345
1.8501e-05
0.000299172
3.3207e-05
0.000212405
0.000110636
0.000298281
0.000188238
0.000295292
6.4429e-05
3.8291e-05
0.000271487
0.00030204
2.3027e-05
0.000174895
3.3501e-05
1.4549e-05
2.764e-05
0.000161686
0.00021559
0.000127251
1.1407e-05
0.000222938
6.5429e-05
0.000115887
4.5844e-05
4.5275e-05
6.6079e-05
5.095e-05
0.000140233
6.6282e-05
3.2728e-05
6.1997e-05
0.000289859
0.000159395
3.2596e-05
0.000200103
6.3683e-05
0.00032633
0.000326046
0.000219777
0.000147353
4.5116e-05
0.000154749
1.7378e-05
2.1541e-05
7.3587e-05
0.000337128
2.3231e-05
0.000238469
0.000280974
0.000166283
0.000294042
5.6242e-05
0.000109948
0.00020507
0.000414499
3.1181e-05
0.000196936
0.000131522
8.378e-05
8.0738e-05
5.7936e-05
0.000231718
0.000161049
2.2389e-05
0.000324776
9.228e-05
0.00034885
0.000203925
7.3363e-05
7.1242e-05
0.000202486
0.000192496
1.2756e-05
0.000274236
0.000146976
0.000168064
4.3819e-05
6.7728e-05
6.8588e-05
9.0682e-05
0.000299801
0.000305994
0.00016387
0.00020954
1.2881e-05
6.6434e-05
5.034e-05
6.709e-05
0.000285584
0.000108369
6.4651e-05
0.000151367
0.000247935
3.7096e-05
0.000220402
4.5141e-05
0.000267898
0.000122382
0.000110166
9.1575e-05
0.000294915
0.000151691
0.000216652
3.2929e-05
7.1847e-05
0.000107141
9.2174e-05
0.000155149
0.000164376
0.000296811
0.000189847
0.000125279
4.3372e-05
0.000159392
9.5644e-05
0.000246618
2.1915e-05
5.0251e-05
2.0941e-05
4.3497e-05
8.0699e-05
4.3056e-05
0.000177446
8.219e-05
0.000281159
0.000311779
0.000146605
0.000137258
0.00019587
0.00016844
0.000103098
0.000211856
0.000122432
0.000194272
1.8177e-05
0.0001509
0.000245064
0.000364445
0.000278264
3.8344e-05
4.2503e-05
0.000161249
0.000375944
0.000123538
0.000142344
7.6681e-05
0.000201182
0.000191339
8.7869e-05
0.000223346
0.0001101
0.000284087
0.000220587
0.000187274
6.4326e-05
7.9101e-05
0.00018342
0.000102549
4.134e-05
0.000353112
3.8603e-05
0.000234766
0.000243928
4.1303e-05
0.000177248
6.3733e-05
0.000198514
0.000183922
8.6652e-05
3.9789e-05
0.000232749
8.7812e-05
0.00025877
5.3036e-05
1.8094e-05
0.000276328
2.3335e-05
0.000152292
0.000135283
0.000305409
4.2791e-05
0.000236813
0.000107982
0.000161161
7.2426e-05
0.000251855
0.000208177
0.000338478
4.7232e-05
3.7721e-05
8.4293e-05
3.2725e-05
0.000113207
2.2776e-05
0.000251498
2.3262e-05
0.000104238
6.0682e-05
0.000322544
0.000338985
8.0138e-05
7.1165e-05
0.00028965
6.6074e-05
3.8245e-05
5.8748e-05
5.8598e-05
0.000100615
0.000108267
9.2631e-05
0.000256604
0.000130502
3.095e-05
0.000295432
5.9388e-05
0.000216106
7.522e-05
0.000308638
2.7338e-05
0.00015556
0.000101024
0.00014224
0.000163762
0.000154378
1.3898e-05
0.000293079
0.000178065
0.00013968
0.00031872
1.7378e-05
4.3664e-05
5.7046e-05
0.000162045
0.000247192
0.000139243
0.000149074
0.000316769
3.3577e-05
0.000183688
0.000166342
6.2003e-05
0.000139835
3.5941e-05
0.000190027
0.000268937
0.000348959
7.0343e-05
3.5307e-05
0.000254774
6.9924e-05
0.00011404
4.3979e-05
0.000150406
1.7005e-05
2.0729e-05
1.4042e-05
6.9767e-05
0.000143899
8.88e-05
9.2558e-05
0.00020897
0.000401269
2.6565e-05
0.000346685
0.000241962
0.000121979
0.000173489
8.0509e-05
0.000285181
7.3052e-05
0.00014853
1.5038e-05
4.6656e-05
0.000113882
0.000323371
1.501e-05
0.000318261
0.000231092
4.2075e-05
7.108e-05
4.1603e-05
0.000175866
0.000114962
0.000136434
0.000270213
0.000240272
8.1153e-05
0.000259888
7.7595e-05
0.000144505
0.000276678
0.00014472
5.0298e-05
0.000220408
4.1911e-05
3.4432e-05
5.7694e-05
0.000157698
0.00033076
1.4441e-05
6.7775e-05
0.000252758
2.3663e-05
0.000118067
0.000297419
0.000114934
6.0806e-05
0.000336558
0.000113155
0.000197889
1.4832e-05
0.000189141
0.000303561
1.8275e-05
0.000315761
0.000301125
5.3108e-05
0.000181582
2.9091e-05
0.000229507
1.9302e-05
6.9071e-05
0.000243169
0.000208185
3.5381e-05
0.00015744
8.5304e-05
0.000132972
0.000221111
5.4593e-05
8.6025e-05
3.3148e-05
4.1225e-05
1.8165e-05
0.000333119
3.0555e-05
5.1203e-05
0.000205654
0.000201643
0.0002175
0.0002295
0.000130573
0.000174286
7.634e-05
2.4323e-05
0.000338196
5.018e-05
3.0251e-05
0.000178618
9.0733e-05
5.4463e-05
2.9822e-05
0.000315388
0.000372563
0.000358206
0.000369928
0.000110554
3.647e-05
0.000329438
0.000118748
0.000122653
3.5541e-05
8.1012e-05
3.6477e-05
4.2864e-05
8.1306e-05
8.0871e-05
0.000114566
8.1816e-05
2.133e-05
0.000212253
5.9053e-05
0.000187697
6.0448e-05
8.1933e-05
9.3804e-05
9.2467e-05
0.000234431
0.000175828
9.4634e-05
0.000166748
2.5895e-05
0.000122963
0.000249284
0.000293897
3.8667e-05
0.000127322
0.000289369
0.000191508
0.000122565
6.7166e-05
1.6118e-05
6.6841e-05
8.2802e-05
0.00025453
3.7428e-05
0.000147767
0.000218489
0.000297308
0.000131163
7.1989e-05
0.000186085
3.6649e-05
0.000155268
0.000153416
8.0179e-05
7.3569e-05
4.9614e-05
5.0385e-05
8.6684e-05
0.000119313
0.000258004
0.000298573
8.1482e-05
3.0547e-05
0.000308037
0.000277561
0.000346875
0.000221538
0.000191624
0.000324915
3.6652e-05
0.000121653
3.4848e-05
1.9824e-05
0.000247556
4.4387e-05
9.7173e-05
3.6257e-05
0.000183946
0.000331043
0.000290609
0.000193317
0.000184328
0.000108728
9.1546e-05
0.000179097
0.000116934
0.000112144
0.000321875
5.1495e-05
2.0374e-05
9.0604e-05
4.4121e-05
4.3834e-05
0.000291881
3.2336e-05
5.2141e-05
0.000145163
8.371e-05
8.1949e-05
0.000154478
9.2479e-05
0.000153604
9.798e-05
2.629e-05
0.000228251
0.000117791
0.000314233
0.000115924
8.757e-05
5.6327e-05
1.8395e-05
0.000272014
0.000133364
9.6464e-05
4.9395e-05
0.000213309
3.8778e-05
0.000206049
1.7415e-05
0.000183296
6.6941e-05
0.000144167
0.000406718
7.4949e-05
0.000165963
0.000306419
0.00017372
5.1517e-05
0.000189582
0.000185266
0.000190195
3.279e-05
0.00031911
0.000329218
0.00011611
9.9135e-05
0.000286831
0.000345777
5.3278e-05
0.000108918
2.6998e-05
0.000179386
4.7684e-05
0.000118082
0.000199057
9.7629e-05
7.8188e-05
8.8185e-05
0.000137745
0.000207941
2.7563e-05
0.000321341
3.9343e-05
6.0101e-05
0.000276092
0.000253003
5.3782e-05
1.6568e-05
5.179e-05
0.000232367
2.7228e-05
6.784e-05
5.4414e-05
0.000350476
0.000118542
0.000114789
0.000304728
0.00011551
0.000248029
0.000347739
9.797e-05
6.6799e-05
4.5128e-05
6.8892e-05
9.6508e-05
0.000137836
0.000125742
0.000175604
0.000170776
0.000200114
0.000114648
0.000192345
0.000277149
6.1974e-05
0.000168706
0.000206849
4.8203e-05
0.00030583
0.000245621
0.000115131
3.3812e-05
9.8548e-05
3.395e-05
0.00014227
0.000286611
0.00014464
3.8906e-05
0.000107441
0.000135253
3.875e-05
4.5626e-05
0.000134343
0.000112069
0.000371815
0.000279568
7.0278e-05
7.1077e-05
9.8146e-05
0.000349608
0.000176082
2.2622e-05
0.000217773
0.000304657
0.000371842
0.000374247
0.00023004
1.7426e-05
0.000185764
0.000210621
0.000179869
6.2317e-05
2.3047e-05
9.9218e-05
0.000147281
0.000328941
5.3772e-05
0.000107022
0.000183085
0.000257445
8.2981e-05
0.00030268
0.000153046
0.000319539
0.000286795
1.7313e-05
0.000355985
4.8716e-05
0.000107658
4.0893e-05
4.2124e-05
0.000208028
0.000109117
0.000261171
0.000323181
0.000206079
2.9178e-05
0.000192103
0.000172515
0.000380008
0.000249728
0.000223289
0.000396134
0.000108251
0.000194093
9.8242e-05
0.000334628
0.00025292
4.0805e-05
9.8527e-05
7.127e-05
4.1049e-05
0.000214067
0.000177734
3.3927e-05
1.7326e-05
0.000153298
0.000268727
0.000313798
0.000294418
4.7258e-05
0.000263267
0.000117988
6.9644e-05
0.000342315
0.000109448
0.000202317
0.000106044
4.6447e-05
4.5629e-05
0.000296364
0.000246036
0.000303234
0.000233214
2.2654e-05
0.00015518
0.000111339
1.8232e-05
0.000360206
0.000185136
0.000365966
0.000121014
0.000366272
7.975e-05
0.000151683
0.000294268
0.000151326
2.7118e-05
0.00027831
7.0742e-05
0.000309591
0.000184518
0.000189536
4.9936e-05
6.0438e-05
0.000110862
0.000351478
6.3096e-05
0.000317415
0.000171288
0.000202529
0.000309549
0.000218483
0.000102282
0.000242671
0.000347519
0.000214764
0.00020692
0.000264736
0.000358778
0.000240503
0.000112278
6.0876e-05
0.00027839
4.386e-05
0.000344656
1.9926e-05
0.000151839
9.4905e-05
0.000173897
0.000170526
0.00017365
3.4257e-05
0.00018858
0.000136824
0.000157242
0.000112186
0.00030539
7.7873e-05
0.000205892
9.4769e-05
0.000151431
0.000170051
0.00032743
8.452e-05
0.000341268
9.1166e-05
0.000245415
5.0801e-05
0.000199482
0.000228411
0.000274217
5.7962e-05
0.000103474
0.000227496
0.000158942
3.7473e-05
4.4046e-05
3.032e-05
0.000368544
3.7002e-05
9.9375e-05
0.000361677
9.4312e-05
0.000193954
5.1402e-05
0.00011686
0.000200676
0.000161237
0.000195653
1.982e-05
0.000241603
0.00013368
0.000143574
0.000111733
3.4771e-05
0.000266509
1.8635e-05
0.000363787
3.6345e-05
0.000268471
0.00011921
2.9709e-05
5.1413e-05
0.00011439
0.000486113
0.00045305
2.9119e-05
0.000238207
0.000480686
0.000412588
0.000317392
0.000225477
6.7622e-05
0.000339845
0.000295016
5.0181e-05
7.7939e-05
0.000127541
0.000415713
3.864e-05
3.421e-05
0.000282733
6.7997e-05
0.000278817
0.00015897
0.00027317
5.5575e-05
0.000371002
0.000371264
0.000178356
0.000100093
0.000245003
0.000122476
0.00017372
5.743e-05
0.000208282
0.000365212
6.758e-05
0.000289504
0.000113318
7.8478e-05
0.000130998
0.000340914
0.000292526
8.3128e-05
2.692e-05
0.00013165
0.000317911
0.000150591
6.224e-05
0.000308528
0.000189595
3.1317e-05
0.000356819
0.00024654
0.000139375
0.000121711
0.000195878
0.000347332
0.000267311
3.3232e-05
3.7984e-05
0.000292625
0.000386149
0.000335805
0.000143956
9.3452e-05
0.000314136
8.8936e-05
6.1529e-05
3.7978e-05
0.000129767
0.000121194
0.000175574
3.9241e-05
0.000232535
2.098e-05
3.0992e-05
0.000157351
2.5016e-05
0.000275974
0.000279788
0.000259993
0.000295209
0.000138557
2.3697e-05
0.000386557
5.2177e-05
5.355e-05
0.000419116
0.000328356
0.00034027
3.84e-05
0.000191508
9.9973e-05
0.000228462
7.8893e-05
0.000259609
0.000290644
5.1355e-05
0.000197445
0.00013236
0.000320349
0.000298566
0.000149764
0.000136335
8.1507e-05
6.4416e-05
3.2667e-05
4.8527e-05
0.000227366
4.7536e-05
0.00024289
0.000310118
0.000369073
0.000120191
4.0903e-05
0.000342617
6.0847e-05
0.000145043
0.000237414
0.00039091
0.000401237
0.000123447
8.0769e-05
0.00011166
9.1766e-05
0.000379225
9.0742e-05
3.4166e-05
4.1294e-05
0.0002002
0.000100699
0.000330811
0.000127765
8.4744e-05
0.00018631
0.000318841
0.000103502
9.2854e-05
0.000129035
0.000394431
2.0889e-05
0.000145585
0.00028733
0.000132946
0.000151987
0.000391239
2.808e-05
0.000122888
0.000303436
0.000115074
0.000312075
4.8571e-05
7.9707e-05
4.8526e-05
0.000124154
0.000286731
0.00017798
3.9188e-05
0.000225014
0.00015489
0.000330851
0.000170205
5.4101e-05
0.000380798
0.000281747
3.2699e-05
3.8883e-05
0.000204597
0.00038053
0.000308837
5.4819e-05
0.000224541
2.7649e-05
0.000295701
0.000524781
7.349e-05
5.2962e-05
8.8741e-05
0.00012216
0.000210713
0.000361441
0.000185369
3.5233e-05
0.000272103
0.00012821
0.000134672
0.000268079
0.00021247
0.000178667
8.8126e-05
9.2485e-05
0.000331917
0.000174663
0.000147294
0.000299343
0.000218073
4.2052e-05
4.9416e-05
2.2322e-05
0.000215305
0.000119248
4.4598e-05
9.8234e-05
0.00036207
0.000103178
7.5265e-05
0.000342161
0.000158213
0.000275016
0.000232264
0.000151153
0.000396766
0.000172208
0.000338748
0.00016818
4.4029e-05
0.000383902
0.000319485
6.829e-05
0.000195329
4.9563e-05
7.4082e-05
6.7186e-05
6.7353e-05
2.9036e-05
0.000162919
7.6847e-05
0.000213631
0.000247751
0.000165239
4.9743e-05
0.000305424
6.9193e-05
0.000183586
6.773e-05
4.3567e-05
2.193e-05
0.000389613
0.000235763
0.000177742
0.000364815
2.7519e-05
0.000120022
8.6908e-05
0.00027711
0.000210674
0.000124048
0.000356645
0.000344056
2.8032e-05
0.00016038
3.3847e-05
2.1407e-05
9.0491e-05
0.000287386
2.6876e-05
0.000102585
0.000372629
5.5816e-05
0.000377132
0.000148503
0.000208439
0.000419556
0.000156493
8.5589e-05
5.983e-05
6.9109e-05
3.6582e-05
0.000313762
5.9019e-05
0.000335393
7.5825e-05
0.000103749
9.8326e-05
4.4719e-05
0.000275535
2.8371e-05
4.2144e-05
0.000434313
0.000328489
0.000215378
0.0002657
6.1922e-05
0.000133739
0.000183093
0.000193255
0.00029464
0.000240613
8.7229e-05
7.8454e-05
5.9823e-05
0.000174641
0.000322902
6.8584e-05
0.000288256
0.000220563
6.1108e-05
0.000180063
3.5949e-05
5.8972e-05
0.000256799
0.000414755
0.000372169
0.000397337
0.000181721
8.9595e-05
0.000219583
3.835e-05
0.000345637
0.00021104
0.000133248
0.000207418
0.000296056
0.000114101
0.000229695
0.000189404
4.517e-05
3.6697e-05
0.000226563
0.000291583
4.6028e-05
9.7816e-05
0.000288927
0.000225464
0.000132898
0.000243652
0.000312423
0.000174035
9.8872e-05
0.000406531
0.000294505
6.1967e-05
6.8181e-05
0.000163247
0.000288373
0.000271171
0.000263099
0.000332179
0.000286469
0.000264642
3.4534e-05
0.000348851
0.00051305
0.000447689
0.00013726
0.000191542
0.000435516
5.894e-05
3.4812e-05
0.000262375
0.000106366
4.4797e-05
0.000261176
0.000263767
6.7572e-05
0.000309203
0.000126915
0.00030901
0.000215185
0.00010306
0.000161544
7.855e-05
6.0569e-05
0.000379698
0.0001238
0.000485229
0.00012252
5.2918e-05
0.000297588
4.4594e-05
0.000296437
0.000183558
0.000113334
4.4751e-05
7.3281e-05
0.000180947
0.000246539
0.000180194
0.000380076
0.000356601
0.000353405
7.9166e-05
0.000416215
0.000265884
0.000106709
0.000398748
2.3741e-05
0.000244
0.000197938
0.000376635
0.000409075
0.00011635
0.000262432
8.0451e-05
0.000289294
0.000352202
0.000263608
0.000154637
0.000427753
8.6767e-05
0.000131024
0.000301575
0.000124533
0.000133671
0.000177362
9.0531e-05
5.4412e-05
0.000363214
0.000119056
3.1383e-05
6.0256e-05
0.000102501
3.9675e-05
0.000394416
0.000118636
0.00033123
0.000527046
9.0076e-05
0.000542198
0.000143734
0.000374491
0.000143089
0.000315974
0.000412232
0.000145316
5.3814e-05
0.000348102
0.000106227
6.022e-05
0.000302133
3.2245e-05
0.000124738
0.000425273
6.5568e-05
0.000361781
0.000319858
9.5471e-05
0.000235055
3.9816e-05
0.000152275
0.000392496
7.2923e-05
0.000366311
7.3214e-05
0.000100407
0.000148272
4.5277e-05
0.000388013
0.000370214
4.7587e-05
6.4943e-05
9.8638e-05
0.000304071
7.2816e-05
0.000241754
0.000281344
0.000189071
0.000167462
4.0718e-05
7.3808e-05
0.000352309
0.000145197
0.000330068
0.000202598
0.000425594
0.000115044
0.000276647
0.000299393
0.000204985
0.00015588
0.000191587
4.742e-05
0.000409831
0.000145517
0.00011376
0.000281546
0.000185518
0.000146615
0.000251301
0.000313332
4.6496e-05
0.000158412
0.000167178
6.0078e-05
0.000189517
8.3271e-05
0.000286141
0.000192741
6.4781e-05
6.5325e-05
0.000238014
0.000296526
0.000221091
7.0648e-05
0.000514089
0.000114407
0.000432499
0.000145914
0.000269221
0.000362611
