9.428e-06
6.914e-06
1.8507e-05
5.797e-06
4.818e-06
5.168e-06
5.657e-06
5.797e-06
4.959e-06
4.4e-06
4.4e-06
5.238e-06
5.867e-06
4.959e-06
5.797e-06
4.609e-06
5.657e-06
5.937e-06
4.33e-06
4.889e-06
5.448e-06
5.517e-06
5.029e-06
5.797e-06
4.679e-06
5.588e-06
5.866e-06
4.889e-06
5.657e-06
4.679e-06
5.238e-06
5.657e-06
5.867e-06
5.099e-06
5.727e-06
4.819e-06
4.749e-06
5.588e-06
5.866e-06
4.4e-06
5.028e-06
5.587e-06
4.75e-06
5.588e-06
5.866e-06
4.4e-06
5.029e-06
5.657e-06
4.749e-06
5.238e-06
5.657e-06
5.587e-06
4.4e-06
4.889e-06
5.308e-06
4.749e-06
5.238e-06
5.587e-06
5.797e-06
4.959e-06
5.657e-06
4.819e-06
5.657e-06
4.888e-06
5.657e-06
4.749e-06
5.168e-06
5.867e-06
4.959e-06
5.588e-06
4.68e-06
5.797e-06
4.47e-06
4.33e-06
5.307e-06
5.517e-06
5.448e-06
4.888e-06
5.727e-06
4.679e-06
5.588e-06
5.028e-06
5.657e-06
4.819e-06
5.307e-06
5.657e-06
5.867e-06
4.958e-06
5.657e-06
5.657e-06
5.587e-06
4.889e-06
5.587e-06
4.819e-06
5.238e-06
5.867e-06
6.006e-06
5.727e-06
5.587e-06
5.098e-06
1.2222e-05
1.1663e-05
1.1175e-05
1.0895e-05
1.1035e-05
1.0756e-05
1.1523e-05
1.1035e-05
1.0965e-05
1.0615e-05
1.1035e-05
1.1524e-05
1.1244e-05
1.1314e-05
1.0965e-05
1.0965e-05
1.0825e-05
1.0755e-05
1.1244e-05
9.987e-06
1.1314e-05
1.0826e-05
1.0825e-05
1.0895e-05
1.0616e-05
1.0965e-05
1.1175e-05
1.1174e-05
1.1314e-05
1.0965e-05
1.2222e-05
1.1454e-05
1.1244e-05
1.0896e-05
1.0895e-05
1.1174e-05
1.1245e-05
1.0825e-05
1.0965e-05
1.0616e-05
1.0895e-05
1.0615e-05
1.0965e-05
1.0127e-05
1.1314e-05
1.0755e-05
1.1244e-05
1.0546e-05
1.0336e-05
1.1384e-05
1.0615e-05
1.0895e-05
1.1035e-05
1.1035e-05
1.0965e-05
1.0895e-05
1.0965e-05
1.1035e-05
1.0407e-05
1.1523e-05
1.0825e-05
1.0895e-05
1.1314e-05
1.0127e-05
1.0755e-05
1.1105e-05
1.0825e-05
1.0965e-05
1.1524e-05
1.2572e-05
1.0686e-05
3.3244e-05
1.0197e-05
1.0196e-05
1.0685e-05
1.0755e-05
1.0616e-05
1.1523e-05
1.0476e-05
1.0546e-05
1.0476e-05
1.0825e-05
1.0755e-05
1.1244e-05
1.1035e-05
1.0546e-05
1.0336e-05
1.0965e-05
1.0616e-05
1.0895e-05
1.1384e-05
1.2082e-05
1.0407e-05
1.0686e-05
1.1104e-05
1.0057e-05
1.1174e-05
1.0826e-05
1.0895e-05
1.0895e-05
1.774e-05
1.6412e-05
1.6971e-05
1.7669e-05
1.7809e-05
1.7041e-05
1.746e-05
1.6482e-05
1.6622e-05
1.781e-05
1.7809e-05
1.746e-05
1.6552e-05
1.7809e-05
1.6203e-05
1.7949e-05
1.6762e-05
1.781e-05
1.6901e-05
1.9137e-05
1.7529e-05
1.6692e-05
1.739e-05
1.7739e-05
1.753e-05
1.7111e-05
1.6762e-05
1.6552e-05
1.746e-05
1.753e-05
1.5993e-05
1.6343e-05
1.732e-05
1.6482e-05
1.7251e-05
1.6622e-05
1.6483e-05
1.767e-05
1.7599e-05
1.6691e-05
1.767e-05
1.753e-05
1.6482e-05
1.6832e-05
1.5924e-05
1.774e-05
1.6831e-05
1.7391e-05
1.6482e-05
1.8368e-05
1.7529e-05
1.6552e-05
1.7041e-05
1.753e-05
1.6832e-05
1.753e-05
1.739e-05
1.6692e-05
1.8857e-05
2.6679e-05
1.746e-05
1.8438e-05
1.7529e-05
1.6761e-05
1.7111e-05
1.746e-05
1.7251e-05
1.6831e-05
1.739e-05
1.6692e-05
1.7041e-05
1.7041e-05
1.6413e-05
1.739e-05
1.7041e-05
2.3815e-05
1.7111e-05
1.6762e-05
2.3886e-05
1.0196e-05
9.499e-06
1.0337e-05
9.498e-06
9.638e-06
9.638e-06
1.0266e-05
9.498e-06
1.0127e-05
9.149e-06
1.0057e-05
9.638e-06
9.917e-06
9.079e-06
3.8202e-05
1.7251e-05
1.6831e-05
1.8647e-05
1.739e-05
2.4654e-05
9.149e-06
1.4457e-05
1.6202e-05
2.6749e-05
2.5003e-05
1.4248e-05
1.3759e-05
1.3549e-05
1.4387e-05
2.7028e-05
1.4108e-05
4.3581e-05
2.4863e-05
2.605e-05
2.4234e-05
2.4863e-05
3.1987e-05
1.2991e-05
2.6609e-05
2.4793e-05
2.5841e-05
2.4095e-05
2.5422e-05
2.4375e-05
2.5073e-05
2.4933e-05
2.5282e-05
2.5771e-05
2.4444e-05
2.4444e-05
2.5282e-05
2.4933e-05
2.4514e-05
2.612e-05
2.4444e-05
2.4444e-05
2.4304e-05
2.4724e-05
2.5421e-05
2.5771e-05
2.4374e-05
2.5213e-05
2.5073e-05
2.4235e-05
2.4234e-05
2.4375e-05
2.4164e-05
2.619e-05
2.4514e-05
2.605e-05
2.4304e-05
2.4234e-05
2.4374e-05
2.4235e-05
2.4235e-05
2.4304e-05
2.4374e-05
2.4374e-05
2.4304e-05
2.626e-05
2.4793e-05
2.605e-05
2.4444e-05
2.4794e-05
2.6329e-05
2.3956e-05
2.5352e-05
2.619e-05
2.4863e-05
2.633e-05
2.4374e-05
2.4304e-05
2.4933e-05
2.5561e-05
2.4374e-05
2.5282e-05
2.5352e-05
2.3886e-05
2.4514e-05
2.5422e-05
2.5841e-05
2.4584e-05
2.5143e-05
2.633e-05
2.4654e-05
5.0145e-05
2.4305e-05
2.4374e-05
2.5212e-05
2.4234e-05
2.5283e-05
2.626e-05
2.4794e-05
2.5492e-05
2.4375e-05
2.4444e-05
2.5282e-05
2.5632e-05
2.4165e-05
2.4654e-05
2.612e-05
3.52e-05
3.5898e-05
3.5269e-05
3.3314e-05
3.6038e-05
3.4641e-05
3.4431e-05
3.3174e-05
3.506e-05
3.4222e-05
3.5339e-05
3.485e-05
3.485e-05
3.506e-05
3.5479e-05
3.6177e-05
3.5549e-05
3.492e-05
3.4571e-05
3.4711e-05
3.5339e-05
3.485e-05
3.499e-05
3.5479e-05
3.5129e-05
3.4222e-05
3.4641e-05
3.506e-05
3.478e-05
3.4361e-05
3.4641e-05
3.492e-05
3.5897e-05
3.5688e-05
3.5688e-05
3.464e-05
3.5409e-05
3.4431e-05
3.4292e-05
3.478e-05
3.5269e-05
3.4571e-05
3.499e-05
3.513e-05
3.4571e-05
3.492e-05
3.3244e-05
3.5968e-05
3.3942e-05
3.485e-05
3.492e-05
3.4083e-05
3.506e-05
3.534e-05
3.492e-05
3.506e-05
3.5549e-05
3.499e-05
3.478e-05
3.5898e-05
3.513e-05
3.5897e-05
3.5828e-05
3.4571e-05
3.4361e-05
3.6178e-05
4.7282e-05
2.165e-05
3.7365e-05
3.5689e-05
7.3193e-05
3.3104e-05
3.3035e-05
3.2266e-05
3.1219e-05
3.2196e-05
3.2825e-05
3.2615e-05
3.3314e-05
3.2615e-05
3.2895e-05
3.1848e-05
3.1708e-05
3.3105e-05
3.2056e-05
3.073e-05
3.2965e-05
3.2615e-05
3.2824e-05
3.2895e-05
3.2336e-05
3.1429e-05
3.1568e-05
3.2406e-05
3.3034e-05
3.1288e-05
3.2755e-05
3.3104e-05
3.2336e-05
3.1219e-05
4.2812e-05
4.1415e-05
4.1694e-05
4.2184e-05
4.2812e-05
4.2184e-05
4.0717e-05
4.2183e-05
4.1974e-05
4.1276e-05
4.2323e-05
4.1765e-05
4.2183e-05
4.2323e-05
4.2253e-05
4.2254e-05
4.2044e-05
4.1066e-05
4.2254e-05
4.0438e-05
4.1485e-05
4.2603e-05
4.0996e-05
4.2044e-05
4.1695e-05
4.1625e-05
4.2254e-05
4.2743e-05
4.1136e-05
4.1555e-05
4.1904e-05
4.1835e-05
4.2672e-05
4.2533e-05
4.2533e-05
4.0298e-05
4.2952e-05
4.2044e-05
4.1346e-05
4.1974e-05
4.0926e-05
4.1904e-05
3.9809e-05
4.2463e-05
4.0997e-05
4.1834e-05
4.1904e-05
4.1904e-05
6.5581e-05
3.939e-05
4.2812e-05
4.0857e-05
4.1974e-05
4.2532e-05
4.2253e-05
4.1136e-05
4.2114e-05
4.1625e-05
4.1555e-05
4.1625e-05
4.1555e-05
4.1834e-05
4.2043e-05
4.1904e-05
4.1695e-05
4.1974e-05
4.1206e-05
3.9949e-05
4.1066e-05
4.2114e-05
4.2323e-05
4.1066e-05
3.9669e-05
4.1136e-05
4.0996e-05
4.1555e-05
4.2114e-05
4.1345e-05
4.0577e-05
4.0158e-05
4.0997e-05
4.2323e-05
3.9949e-05
4.1834e-05
4.1695e-05
4.1415e-05
4.1415e-05
4.1764e-05
4.1555e-05
4.2114e-05
4.2044e-05
4.1555e-05
4.1205e-05
4.2532e-05
4.0507e-05
4.1904e-05
4.2323e-05
4.0438e-05
4.2533e-05
4.2253e-05
5.28e-05
5.2939e-05
5.4335e-05
5.3987e-05
5.3847e-05
5.2311e-05
5.2171e-05
5.224e-05
5.1961e-05
5.3428e-05
5.252e-05
5.3638e-05
5.2799e-05
5.3149e-05
5.3428e-05
5.3358e-05
5.2869e-05
7.5009e-05
6.2368e-05
4.1276e-05
3.946e-05
4.0717e-05
4.1485e-05
4.0926e-05
5.5244e-05
5.217e-05
5.5383e-05
5.2799e-05
5.8457e-05
4.1416e-05
5.7828e-05
5.266e-05
5.231e-05
5.3079e-05
5.1403e-05
5.2799e-05
5.238e-05
5.2589e-05
5.3637e-05
5.2311e-05
5.2171e-05
5.3777e-05
5.252e-05
5.3218e-05
5.2171e-05
5.3497e-05
5.5314e-05
4.2742e-05
5.9574e-05
5.72e-05
4.0926e-05
4.2114e-05
3.9041e-05
4.2603e-05
4.1834e-05
4.2323e-05
4.2393e-05
4.1066e-05
4.1555e-05
5.6781e-05
6.4393e-05
6.7955e-05
4.0717e-05
4.0856e-05
4.2044e-05
4.2044e-05
4.1765e-05
4.2533e-05
4.2183e-05
4.1205e-05
4.2463e-05
4.2184e-05
4.1904e-05
4.1905e-05
4.1695e-05
4.1485e-05
4.2323e-05
4.1136e-05
4.1136e-05
4.1974e-05
4.2952e-05
4.2462e-05
4.2254e-05
4.1974e-05
5.3498e-05
4.2253e-05
4.1695e-05
4.1765e-05
4.0507e-05
4.0926e-05
4.1695e-05
7.1587e-05
4.1695e-05
4.0577e-05
4.1764e-05
4.1555e-05
4.1276e-05
4.1974e-05
4.1555e-05
4.0787e-05
5.1821e-05
5.2729e-05
5.1403e-05
5.0634e-05
5.0076e-05
4.9587e-05
5.2031e-05
5.1263e-05
5.217e-05
5.0425e-05
5.1193e-05
5.0984e-05
5.1263e-05
5.1751e-05
5.1053e-05
4.9377e-05
5.0634e-05
5.0914e-05
5.0843e-05
5.1123e-05
5.1961e-05
5.1612e-05
5.0913e-05
5.0635e-05
5.2031e-05
5.1542e-05
5.1193e-05
5.1542e-05
5.0635e-05
5.0565e-05
5.1682e-05
5.0704e-05
5.1333e-05
5.224e-05
5.231e-05
5.0773e-05
5.2101e-05
5.21e-05
5.2101e-05
5.231e-05
5.0914e-05
5.1053e-05
5.1682e-05
5.2032e-05
5.1612e-05
5.231e-05
5.1333e-05
5.1542e-05
5.2031e-05
5.0914e-05
6.3415e-05
5.1542e-05
5.0565e-05
4.9377e-05
5.0145e-05
5.1262e-05
5.0704e-05
5.0075e-05
5.1333e-05
5.0355e-05
5.0005e-05
5.0425e-05
5.1473e-05
5.1751e-05
5.1821e-05
5.0984e-05
4.9796e-05
5.1263e-05
5.1333e-05
5.245e-05
4.9726e-05
4.8958e-05
5.252e-05
5.1193e-05
5.1892e-05
5.0843e-05
5.0983e-05
5.0983e-05
5.1053e-05
5.1262e-05
5.0843e-05
5.0425e-05
5.266e-05
5.1193e-05
5.0914e-05
5.1752e-05
5.0984e-05
5.0983e-05
5.2171e-05
5.0774e-05
5.1053e-05
5.2101e-05
4.9657e-05
5.1473e-05
5.0424e-05
5.0914e-05
5.0285e-05
5.0285e-05
5.0145e-05
5.1472e-05
5.9365e-05
6.1739e-05
6.3695e-05
6.16e-05
6.1878e-05
6.2158e-05
6.0482e-05
6.1949e-05
6.0552e-05
6.132e-05
6.097e-05
7.885e-05
6.1878e-05
6.1738e-05
6.1111e-05
6.1319e-05
6.1319e-05
6.0202e-05
6.146e-05
6.2088e-05
6.3345e-05
6.2787e-05
6.118e-05
6.1599e-05
6.111e-05
6.2228e-05
6.2508e-05
6.2856e-05
6.0901e-05
6.2996e-05
6.1669e-05
6.2158e-05
6.118e-05
6.1669e-05
6.1809e-05
6.132e-05
6.111e-05
6.2018e-05
6.0063e-05
6.2228e-05
6.2297e-05
6.1599e-05
6.1878e-05
6.3275e-05
6.4253e-05
6.2019e-05
6.1739e-05
6.2717e-05
6.2227e-05
6.2367e-05
6.4044e-05
6.3136e-05
6.1878e-05
6.1879e-05
6.3625e-05
6.2507e-05
6.1041e-05
6.1249e-05
6.0831e-05
6.3415e-05
6.2297e-05
6.1041e-05
6.4253e-05
6.1459e-05
6.111e-05
6.2717e-05
6.1948e-05
6.1808e-05
6.4044e-05
6.2088e-05
6.2228e-05
6.125e-05
6.3485e-05
6.2437e-05
6.3275e-05
5.9714e-05
6.2926e-05
6.3485e-05
6.1669e-05
6.2927e-05
6.4323e-05
6.2297e-05
6.1809e-05
6.1879e-05
6.558e-05
6.2437e-05
6.2716e-05
6.2019e-05
6.2926e-05
6.1669e-05
6.2437e-05
6.1389e-05
6.1949e-05
6.3484e-05
6.1739e-05
6.1948e-05
6.3415e-05
6.0482e-05
6.3345e-05
6.2158e-05
7.3403e-05
7.3821e-05
7.3542e-05
7.445e-05
7.3612e-05
7.5427e-05
7.459e-05
7.3821e-05
7.3542e-05
7.424e-05
7.4031e-05
7.3752e-05
7.2006e-05
7.2075e-05
7.3891e-05
8.6043e-05
7.3612e-05
7.3053e-05
7.3961e-05
7.2704e-05
7.5916e-05
7.0399e-05
7.2215e-05
7.4729e-05
7.892e-05
7.5707e-05
7.4241e-05
7.4171e-05
7.1936e-05
7.3751e-05
7.4031e-05
7.3262e-05
7.3752e-05
7.3681e-05
7.4101e-05
7.1796e-05
7.3821e-05
7.459e-05
7.4799e-05
7.3053e-05
7.3891e-05
7.2284e-05
7.452e-05
7.4171e-05
7.1377e-05
7.3263e-05
7.3053e-05
7.4939e-05
7.438e-05
7.2913e-05
7.3333e-05
7.5847e-05
7.5847e-05
7.445e-05
7.3961e-05
7.3891e-05
7.2564e-05
7.5987e-05
7.2773e-05
7.0957e-05
7.1656e-05
0.000105808
9.7427e-05
9.5262e-05
9.7148e-05
9.8824e-05
9.7008e-05
9.6799e-05
9.7078e-05
9.7846e-05
9.5611e-05
9.8684e-05
9.4982e-05
9.5611e-05
9.7078e-05
9.9523e-05
9.6938e-05
9.9033e-05
9.6309e-05
9.7846e-05
9.8335e-05
9.645e-05
9.7357e-05
9.8266e-05
9.8266e-05
9.638e-05
9.6659e-05
9.8824e-05
9.4843e-05
9.6519e-05
9.6798e-05
9.5821e-05
9.7637e-05
9.5193e-05
9.9453e-05
9.603e-05
9.5681e-05
9.2818e-05
6.9211e-05
7.1237e-05
8.4297e-05
8.3808e-05
8.2621e-05
8.4158e-05
8.6741e-05
8.4228e-05
8.2551e-05
8.4297e-05
8.2482e-05
8.1643e-05
8.4367e-05
8.3669e-05
8.4856e-05
8.4228e-05
8.2133e-05
8.4996e-05
8.2761e-05
8.2551e-05
8.4926e-05
8.311e-05
8.4018e-05
8.4018e-05
8.3249e-05
8.2272e-05
8.1085e-05
8.311e-05
8.3529e-05
8.332e-05
8.297e-05
8.4018e-05
8.5694e-05
8.4507e-05
8.311e-05
8.3459e-05
8.5205e-05
8.5275e-05
8.3808e-05
8.311e-05
8.318e-05
9.8615e-05
8.3878e-05
8.2062e-05
8.1993e-05
8.2342e-05
8.4297e-05
8.2272e-05
7.9968e-05
8.3599e-05
8.5066e-05
8.3948e-05
8.2412e-05
8.5345e-05
8.1853e-05
7.9479e-05
8.3599e-05
8.4926e-05
8.6043e-05
8.4926e-05
8.6043e-05
8.297e-05
8.304e-05
8.4926e-05
8.3878e-05
8.4577e-05
8.1993e-05
8.4297e-05
8.5345e-05
8.2901e-05
8.4158e-05
8.4507e-05
8.3599e-05
8.1643e-05
8.4577e-05
8.4227e-05
8.2621e-05
8.4297e-05
8.2691e-05
8.1224e-05
8.5484e-05
8.5764e-05
0.00011817
0.000109161
0.000103783
0.000107763
0.000107275
0.000105948
0.000107973
0.000106367
0.000106297
0.000107694
0.000106227
0.000107624
0.000107205
0.000108532
0.000110767
0.000107973
0.000107135
0.000105738
0.000100709
0.000108881
0.00012243
0.000120754
0.000121103
0.000121383
0.000120265
0.000117332
0.000123967
0.000116424
0.000119148
0.000119637
0.000119567
0.000119776
0.00011796
9.3586e-05
9.3446e-05
9.5821e-05
9.2958e-05
9.4703e-05
9.5193e-05
9.596e-05
9.4634e-05
9.1142e-05
9.4563e-05
9.631e-05
9.3586e-05
9.4354e-05
9.7287e-05
9.4913e-05
9.645e-05
9.3237e-05
9.3586e-05
9.4285e-05
9.5053e-05
9.5891e-05
9.5263e-05
9.3167e-05
9.5891e-05
9.177e-05
9.4494e-05
9.5471e-05
9.5612e-05
9.7008e-05
9.3796e-05
9.2747e-05
9.4144e-05
9.4774e-05
9.3237e-05
9.4424e-05
9.5682e-05
0.000100081
9.1421e-05
9.5052e-05
9.3446e-05
9.2887e-05
9.3656e-05
9.5401e-05
9.4564e-05
9.3377e-05
9.4564e-05
9.4704e-05
9.4145e-05
9.2888e-05
9.4704e-05
9.3098e-05
9.2748e-05
9.4494e-05
9.4074e-05
9.3656e-05
9.3307e-05
9.4982e-05
9.5891e-05
9.3655e-05
9.631e-05
9.5262e-05
9.3028e-05
9.2329e-05
9.603e-05
9.3725e-05
9.6101e-05
9.6869e-05
9.5262e-05
9.5402e-05
9.4913e-05
9.4144e-05
9.2469e-05
9.191e-05
0.000101478
9.5263e-05
9.4494e-05
9.8195e-05
9.191e-05
9.2608e-05
9.2539e-05
9.0792e-05
9.7986e-05
9.6868e-05
9.5611e-05
9.4284e-05
9.4913e-05
9.2399e-05
0.000109719
0.000108183
0.000111046
0.000106925
0.000110208
0.000107415
0.000107833
0.000108253
0.000106506
0.000110278
0.000110418
0.000108182
0.000108043
0.000108811
0.000109858
0.000109719
0.000106855
0.000108882
0.000108252
0.000102386
0.000107275
0.000118519
0.000111465
0.00010916
0.000102595
0.000106926
0.000107205
0.000106576
0.000104621
0.000103782
0.000107415
0.000104481
0.000106995
0.000105809
0.000107415
0.000105529
0.000103294
0.000106157
0.000104482
0.000104202
0.000105948
0.000104062
0.000105668
0.000111535
0.000102107
0.000107415
0.000106017
0.000105529
0.000105179
0.000108253
0.000104481
0.000106507
0.000106228
0.000104062
0.000117681
0.000106647
0.000108601
0.000107763
0.000110347
0.00010916
0.000115586
0.000107554
0.000110697
0.000109928
0.00010944
0.00010965
0.00010916
0.000106996
0.00010902
0.00010909
0.000108183
0.000110557
0.000111116
0.000110627
0.000109021
0.000109789
0.000109091
0.000114399
0.000109719
0.000111326
0.000103294
0.000103015
0.00010504
0.000104551
0.000107764
0.000104551
0.000120126
0.00010483
0.000105249
0.000107135
0.00010483
0.000106227
0.000104761
0.000106925
0.000107414
0.000111605
0.00011398
0.000116563
0.000114049
0.000115027
0.0001269
0.00013144
0.000128088
0.000129204
0.000129973
0.000126481
0.000122919
0.000121731
0.000123548
0.000120474
0.000123338
0.000123129
0.000122919
0.000123897
0.000124665
0.000151763
0.000116703
0.0001181
0.000116354
0.000119007
0.000117751
0.000119497
0.000119776
0.000119288
0.000114608
0.000121243
0.0001225
0.000120404
0.000119915
0.000116703
0.000122151
0.000122291
0.000121662
0.000120544
0.000123827
0.000124665
0.000123198
0.000120754
0.000123408
0.000120754
0.000120824
0.000117961
0.000119427
0.00013549
0.000121453
0.000120685
0.000116215
0.000111325
0.00011789
0.0001137
0.000117542
0.000117402
0.00011824
0.000115166
0.000121034
0.000117122
0.000113211
0.000117262
0.000114329
0.00011768
0.000116005
0.000113071
0.000117821
0.000115446
0.000110837
0.000113631
0.00011384
0.000119147
0.000114468
0.000118799
0.000116284
0.000114608
0.000115655
0.000116214
0.000131998
0.000115027
0.000112512
0.000116983
0.000116074
0.000116075
0.000114468
0.000114119
0.000116773
0.000121243
0.000123058
0.000121034
0.0001225
0.000119986
0.000121801
0.000118658
0.000121941
0.000120335
0.000117611
0.000125015
0.000119985
0.000120824
0.000123688
0.000122291
0.000119147
0.000124386
0.000135839
0.000141217
0.000133255
0.000160353
0.0001225
0.000125992
0.000125922
0.000132138
0.000129064
0.000130391
0.000127948
0.000126411
0.000129274
0.00013109
0.000131719
0.000130881
0.000130811
0.000126411
0.000123827
0.000128995
0.000129135
0.000126969
0.000126062
0.000125503
0.000125713
0.000127947
0.000129205
0.000130742
0.000124036
0.000130112
0.00012236
0.000142963
0.000127179
0.000130671
0.000129623
0.000129484
0.000130391
0.000127947
0.000130253
0.000130182
0.000126969
0.000126341
0.000126271
0.000124944
0.000126411
0.000127668
0.000130043
0.000127948
0.000128297
0.000133535
0.000125014
0.000124804
0.000127319
0.00013137
0.000123338
0.000130112
0.000123338
0.000130881
0.000124176
0.00013982
0.000126551
0.000129903
0.000129623
0.000129414
0.000127947
0.00012662
0.000126132
0.000128925
0.000128297
0.000129624
0.000127668
0.000127598
0.000127878
0.00013116
0.000131439
0.000136538
0.000132906
0.000131509
0.000130462
0.000129833
0.000123967
0.000128855
0.000130601
0.000124176
0.000127808
0.000127249
0.000132557
0.000156023
0.000128995
0.000129414
0.000125224
0.000123198
0.000123199
0.000124804
0.000127389
0.000126062
0.000129554
0.000121522
0.000124036
0.000123407
0.000150646
0.000142963
0.000137097
0.000138423
0.000142195
0.000140659
0.000141147
0.000149807
0.000140938
0.000137935
0.000144709
0.000142195
0.000142195
0.000140659
0.000140728
0.000140449
0.000136189
0.000143871
0.000142404
0.000143871
0.00013996
0.000137934
0.000142544
0.000137725
0.000143312
0.000143383
0.000141846
0.000141637
0.000141566
0.000145128
0.000143522
0.00014415
0.000139541
0.000143312
0.00014443
0.000143592
0.00013563
0.000143242
0.000141077
0.000175299
0.000140519
0.000138284
0.000138493
0.00014003
0.000137655
0.000142753
0.00014003
0.000143382
0.000145129
0.000140449
0.000144849
0.000136398
0.000141706
0.000141776
0.000137655
0.000137725
0.000143103
0.000142614
0.000143173
0.000142335
0.00014855
0.000139821
0.000143382
0.000140518
0.00014457
0.00016615
0.00014003
0.000135002
0.000138004
0.000133186
0.000133884
0.000136956
0.000137236
0.000138913
0.000140379
0.000134163
0.000135491
0.000139751
0.000140658
0.00014003
0.000137585
0.000137026
0.000138772
0.000142684
0.000135909
0.00014017
0.000136259
0.000129275
0.000136748
0.000129903
0.000138983
0.000147293
0.000136328
0.000136049
0.000135909
0.000141357
0.000138354
0.000138773
0.000138842
0.000137585
0.000156721
0.000153788
0.000156512
0.000157559
0.000156722
0.000155255
0.000163636
0.000158747
0.000153159
0.000154766
0.000151554
0.000147363
0.000155115
0.00016154
0.000160423
0.000175998
0.000155465
0.000161191
0.0001621
0.000156721
0.000152532
0.000150506
0.000156093
0.000155046
0.000152811
0.000153648
0.000146315
0.000158957
0.000152811
0.000150995
0.000156163
0.000152112
0.000151134
0.000153928
0.000151972
0.000150366
0.000150227
0.00015309
0.000186125
0.000151693
0.000143941
0.000151134
0.000146944
0.00014862
0.000149598
0.000145827
0.000148341
0.000150646
0.000145827
0.000150645
0.000149667
0.000147852
0.000146455
0.000146594
0.000150855
0.000145966
0.000146665
0.000150017
0.000149248
0.000150786
0.000150645
0.000152113
0.000156722
0.000150366
0.000148551
0.00014436
0.000143661
0.000147852
0.000147643
0.000146665
0.000149388
0.000147153
0.000141636
0.000146455
0.000152531
0.000150017
0.00015302
0.00014883
0.000147782
0.000147642
0.000142684
0.000154626
0.00015288
0.000150226
0.000146944
0.000151414
0.00014869
0.000160843
0.000145198
0.000150017
0.000152182
0.000149039
0.00014443
0.000146385
0.000152182
0.000148411
0.000142893
0.000153509
0.000143243
0.000149249
0.00017062
0.000167896
0.000164474
0.000174322
0.000163566
0.000169572
0.000174112
0.000169013
0.000166499
0.000165801
0.000176696
0.00016643
0.000168036
0.000174112
0.000170411
0.000161052
0.000175369
0.000172086
0.000167198
0.000162798
0.000204143
0.000166988
0.000167827
0.000172994
0.000168664
0.000166639
0.000160982
0.000171458
0.000163706
0.00016622
0.000162448
0.000165312
0.000185636
0.000167966
0.000167407
0.000170061
0.000167337
0.000166569
0.000162588
0.000163217
0.000164125
0.000166081
0.000164474
0.000173972
0.000167687
0.000164754
0.000166639
0.000165941
0.000173623
0.000164055
0.000160633
0.00016622
0.000162798
0.000167058
0.000180957
0.000168664
0.000172296
0.000165452
0.000165591
0.00016622
0.000161681
0.00017097
0.000168804
0.000159445
0.000171319
0.000168944
0.000168316
0.000172576
0.000165172
0.000168246
0.000167547
0.000173344
0.000168943
0.000163776
0.000164195
0.000167617
0.000169013
0.000167407
0.000165731
0.000170759
0.000170899
0.00016189
0.000169642
0.000198696
0.000179979
0.000164753
0.000191153
0.00020093
0.000207077
0.000166709
0.000174531
0.000162448
0.000169643
0.000172575
0.00016643
0.00017062
0.000186963
0.000169712
0.000164684
0.000165731
0.000179629
0.000191572
0.000182842
0.000194156
0.000197439
0.000191083
0.000182982
0.000183191
0.000180607
0.000191642
0.000188639
0.000183052
0.000180188
0.000178582
0.000179978
0.000182492
0.00020142
0.000193597
0.00018375
0.000200512
0.000191153
0.000171039
0.000183331
0.000181446
0.000186544
0.000177185
0.000181376
0.000178023
0.000177185
0.000175997
0.000182563
0.000184658
0.00017914
0.000176836
0.000173274
0.000176487
0.000186474
0.00017523
0.00017509
0.000177954
0.0001746
0.000177324
0.000184937
0.000180328
0.000177953
0.00018815
0.000176486
0.000180188
0.000179699
0.000178023
0.000182283
0.000179909
0.000175439
0.000180188
0.000173972
0.000181655
0.00018375
0.000183052
0.000178163
0.000179909
0.00018368
0.000173065
0.00017949
0.00017949
0.000174671
0.000181515
0.000181445
0.00017914
0.000174531
0.000182842
0.000180327
0.000181375
0.000184588
0.00018822
0.000179699
0.000176627
0.000175439
0.000180677
0.00018808
0.000179699
0.000184309
0.000175509
0.000176766
0.000182143
0.000182423
0.000179211
0.000180048
0.000168455
0.000177115
0.00018375
0.000178442
0.000178651
0.000181375
0.000184937
0.000177115
0.000180048
0.00017942
0.000177744
0.000182073
0.000174531
0.000200581
0.000206309
0.000195972
0.000212245
0.000210219
0.000203165
0.000206378
0.000207845
0.00019688
0.000201839
0.000200092
0.000203095
0.000210009
0.000216296
0.000199394
0.000203585
0.000210778
0.000202118
0.00021462
0.000205819
0.000198556
0.000224118
0.000219299
0.000206448
0.000210918
0.000219578
0.000202258
0.000200372
0.000199813
0.000202117
0.000197438
0.000191362
0.000203026
0.000198905
0.00020128
0.000198766
0.000194016
0.000197997
0.000199534
0.000207286
0.000203165
0.000200581
0.000210359
0.000208893
0.000209661
0.000204353
0.000210499
0.000207985
0.000188778
0.000198487
0.00019681
0.000199813
0.000203794
0.000203444
0.000207496
0.000207007
0.00020135
0.000209311
0.000193807
0.000202816
0.000199953
0.000196252
0.00019709
0.000209241
0.000202956
0.000202397
0.000209591
0.000232638
0.000224397
0.000194854
0.000192759
0.000205261
0.00019248
0.00019695
0.000198417
0.000201979
0.000196531
0.000191432
0.000204283
0.00019695
0.000196321
0.000193109
0.000194365
0.000195762
0.000188778
0.000201209
0.000194016
0.000194366
0.000190525
0.000203515
0.000207077
0.000208613
0.000206169
0.000206168
0.000191852
0.000193249
0.000198556
0.000191852
0.000199743
0.00019709
0.000222092
0.000217832
0.00022279
0.000228727
0.000231381
0.000227051
0.000225375
0.000219439
0.000213851
0.00021874
0.000216016
0.000221185
0.000215178
0.000216645
0.000241438
0.000220765
0.000215806
0.000214689
0.000224816
0.000227889
0.000221184
0.000220206
0.000216924
0.000221045
0.000218949
0.000208544
0.00021874
0.000226352
0.000214061
0.000219788
0.00021399
0.00022272
0.000217343
0.000218321
0.000226562
0.00022733
0.000225794
0.000224048
0.000219229
0.000229844
0.000251355
0.00022314
0.000218879
0.000220277
0.000220067
0.000217553
0.000219159
0.000224746
0.000223559
0.00022286
0.000216365
0.000216924
0.000221044
0.0002142
0.000217483
0.000220137
0.000247234
0.000229007
0.000217832
0.000225514
0.000220905
0.000221254
0.000224606
0.000216016
0.000220556
0.000211546
0.000212524
0.000226143
0.000216156
0.000220696
0.000215597
0.000214828
0.000217343
0.000216505
0.00021874
0.000224886
0.00021867
0.000210708
0.000222022
0.000222232
0.00023173
0.00021895
0.000226353
0.000216156
0.000217552
0.000215248
0.000211756
0.000217902
0.000212594
0.000221045
0.000218182
0.000207286
0.000214271
0.000219508
0.000215178
0.000226911
0.000217203
0.000218391
0.000222232
0.000227749
