9.847e-06
4.051e-06
3.562e-06
3.003e-06
3.911e-06
2.863e-06
3.911e-06
2.794e-06
3.841e-06
2.864e-06
3.772e-06
2.445e-06
3.632e-06
2.864e-06
3.632e-06
2.864e-06
3.701e-06
3.073e-06
3.283e-06
2.933e-06
2.934e-06
2.933e-06
2.933e-06
2.793e-06
2.934e-06
2.863e-06
2.934e-06
2.933e-06
2.933e-06
2.933e-06
2.933e-06
2.934e-06
2.933e-06
2.933e-06
3.003e-06
2.934e-06
2.933e-06
2.933e-06
2.934e-06
2.933e-06
1.5365e-05
2.514e-06
3.911e-06
1.6412e-05
4.679e-06
4.19e-06
4.888e-06
3.702e-06
3.772e-06
3.771e-06
3.702e-06
3.771e-06
3.842e-06
3.772e-06
3.702e-06
3.771e-06
3.702e-06
3.841e-06
4.26e-06
3.772e-06
5.098e-06
5.028e-06
4.959e-06
3.701e-06
3.841e-06
3.771e-06
3.771e-06
3.772e-06
3.772e-06
3.841e-06
5.029e-06
3.771e-06
5.028e-06
4.888e-06
5.588e-06
3.772e-06
3.841e-06
3.842e-06
3.841e-06
3.841e-06
3.771e-06
3.702e-06
3.842e-06
3.701e-06
3.841e-06
3.772e-06
3.771e-06
3.841e-06
3.771e-06
3.702e-06
3.771e-06
3.771e-06
3.841e-06
3.702e-06
4.191e-06
3.771e-06
4.959e-06
4.959e-06
4.26e-06
4.191e-06
1.0197e-05
1.1314e-05
1.0266e-05
9.288e-06
1.0057e-05
1.2991e-05
1.1593e-05
7.822e-06
1.2361e-05
1.1383e-05
1.0686e-05
1.1244e-05
1.1594e-05
7.543e-06
1.1593e-05
9.708e-06
9.219e-06
1.2641e-05
1.0057e-05
1.1454e-05
1.0685e-05
1.0057e-05
9.149e-06
9.777e-06
9.777e-06
9.288e-06
6.984e-06
8.451e-06
1.0825e-05
9.219e-06
1.2222e-05
1.1733e-05
1.0546e-05
9.569e-06
1.2222e-05
9.08e-06
1.0057e-05
8.661e-06
9.848e-06
1.0546e-05
1.2222e-05
8.45e-06
1.0755e-05
8.73e-06
7.892e-06
9.918e-06
1.2291e-05
1.306e-05
1.0476e-05
1.299e-05
1.0615e-05
8.451e-06
9.288e-06
1.0825e-05
1.0615e-05
1.0476e-05
9.219e-06
1.299e-05
7.543e-06
1.32e-05
8.241e-06
8.101e-06
7.124e-06
1.1454e-05
1.0546e-05
1.1314e-05
8.311e-06
9.219e-06
1.0476e-05
1.0057e-05
9.708e-06
7.823e-06
1.1523e-05
9.917e-06
1.2152e-05
1.0685e-05
1.1593e-05
8.381e-06
9.358e-06
9.149e-06
1.0337e-05
9.778e-06
1.0127e-05
8.101e-06
1.0825e-05
8.521e-06
1.0616e-05
1.306e-05
1.0615e-05
8.031e-06
8.171e-06
9.918e-06
9.01e-06
1.2502e-05
8.171e-06
8.101e-06
1.1872e-05
9.847e-06
9.218e-06
7.543e-06
2.186e-05
2.4863e-05
3.1638e-05
2.2419e-05
1.9206e-05
1.4178e-05
1.5086e-05
2.8495e-05
1.7879e-05
1.4527e-05
3.073e-05
1.8577e-05
3.2546e-05
2.9053e-05
3.5828e-05
1.8577e-05
1.4247e-05
1.5644e-05
3.4292e-05
3.2336e-05
3.5269e-05
2.4933e-05
2.4374e-05
1.7391e-05
1.1245e-05
1.5434e-05
1.8368e-05
2.4793e-05
3.1079e-05
2.5282e-05
2.4375e-05
3.066e-05
1.5155e-05
1.4038e-05
1.6901e-05
2.1021e-05
1.3689e-05
1.3549e-05
3.1358e-05
1.2641e-05
1.6133e-05
2.64e-05
2.5492e-05
2.3676e-05
2.4933e-05
2.4793e-05
1.7181e-05
3.2406e-05
2.4304e-05
3.5339e-05
1.6831e-05
3.0101e-05
2.0533e-05
3.0381e-05
1.5365e-05
2.3676e-05
1.3899e-05
2.5073e-05
2.4794e-05
2.3816e-05
2.2349e-05
1.5924e-05
1.6762e-05
1.5575e-05
1.6064e-05
2.9892e-05
2.5003e-05
1.3968e-05
1.4457e-05
3.3733e-05
1.5156e-05
1.5226e-05
1.3898e-05
1.3968e-05
1.3409e-05
1.6552e-05
1.3968e-05
1.7669e-05
1.9066e-05
3.5059e-05
1.5435e-05
2.7517e-05
1.4178e-05
1.6692e-05
3.3244e-05
3.6457e-05
1.3758e-05
1.5923e-05
1.4597e-05
2.2838e-05
1.2082e-05
3.3943e-05
1.5784e-05
1.4387e-05
1.5435e-05
2.0324e-05
3.1638e-05
1.5295e-05
3.3523e-05
1.9695e-05
2.3676e-05
2.7587e-05
6.9352e-05
6.0482e-05
4.6234e-05
2.9193e-05
4.2533e-05
3.3105e-05
2.1301e-05
4.812e-05
3.8272e-05
3.7435e-05
5.0983e-05
2.8704e-05
5.8805e-05
3.9739e-05
6.4323e-05
2.8984e-05
3.4641e-05
6.2228e-05
4.2254e-05
3.8762e-05
7.4938e-05
5.1332e-05
8.0665e-05
0.00010469
8.2272e-05
7.9269e-05
5.9574e-05
6.7326e-05
6.8583e-05
5.6082e-05
2.2908e-05
5.5313e-05
3.9809e-05
3.7853e-05
4.2184e-05
2.9822e-05
5.9993e-05
3.0521e-05
1.8159e-05
4.2184e-05
3.1777e-05
2.6749e-05
2.8984e-05
4.5955e-05
4.4628e-05
2.0742e-05
4.826e-05
4.9447e-05
2.2908e-05
3.6387e-05
4.9866e-05
2.2908e-05
4.812e-05
4.7561e-05
6.8792e-05
2.9613e-05
4.7981e-05
3.9949e-05
6.4812e-05
7.6964e-05
8.0806e-05
5.4755e-05
4.1765e-05
6.8863e-05
7.7314e-05
3.6037e-05
3.2197e-05
3.9948e-05
3.5967e-05
3.1009e-05
2.7796e-05
2.8006e-05
2.7936e-05
4.4768e-05
3.506e-05
6.132e-05
3.7714e-05
4.4698e-05
3.1079e-05
4.6932e-05
5.1751e-05
3.1777e-05
1.788e-05
6.2856e-05
3.513e-05
4.3022e-05
3.8063e-05
4.337e-05
4.833e-05
4.7491e-05
3.6946e-05
1.8648e-05
1.7669e-05
4.3091e-05
1.9206e-05
4.4977e-05
4.3581e-05
3.1847e-05
9.198e-05
8.2063e-05
7.9827e-05
8.1364e-05
7.864e-05
8.2621e-05
0.00022342
5.3917e-05
0.000140309
0.000111745
0.000115167
0.000134512
8.4647e-05
0.000115865
0.000124735
5.7618e-05
0.000160843
6.0831e-05
0.000107065
0.000178302
0.000169782
0.000100779
0.000146386
9.631e-05
0.000105459
5.252e-05
5.72e-05
0.000182423
5.266e-05
6.125e-05
0.000132557
0.000106018
0.000108183
7.899e-05
0.000119777
0.000100221
9.2189e-05
0.000116703
0.000149738
6.0132e-05
8.4228e-05
0.000118239
4.8958e-05
0.000134372
8.8488e-05
0.00010469
9.7707e-05
0.000116703
8.4507e-05
9.6101e-05
4.7561e-05
2.4445e-05
8.6044e-05
8.2971e-05
5.3568e-05
0.000100011
0.000170481
6.4323e-05
9.0513e-05
9.1211e-05
4.7701e-05
7.3961e-05
0.000162099
0.000145337
0.000129903
9.8824e-05
0.000108113
0.000160214
7.6335e-05
8.8976e-05
4.6863e-05
7.1097e-05
0.000101548
0.000141567
0.00013102
0.000100011
0.000101268
7.9199e-05
4.1764e-05
8.4856e-05
9.2119e-05
0.000103992
0.00014017
0.000120963
0.000120474
8.9745e-05
0.000145547
9.4424e-05
8.4507e-05
0.000125223
9.3236e-05
3.7784e-05
0.000112094
0.000100431
8.9326e-05
0.000106367
7.5148e-05
5.9923e-05
5.9993e-05
0.000164125
0.000186194
6.7745e-05
9.3376e-05
7.1377e-05
4.5675e-05
0.000132208
0.000211476
0.000259317
8.9675e-05
0.000168664
0.000168804
0.000251006
0.000139471
0.000133116
0.000159027
0.000119357
0.000149458
0.000110906
5.6012e-05
0.000170829
6.125e-05
7.0259e-05
8.9256e-05
0.000177046
0.000123688
0.0001225
0.000143732
0.000132836
5.4685e-05
0.000168804
0.000125643
0.00011391
6.0552e-05
0.000111326
6.2228e-05
0.000156652
6.977e-05
0.000119985
0.000144011
0.000120754
0.000127039
0.000133046
9.3097e-05
0.000116214
0.000146175
0.0001753
0.000162938
6.0831e-05
6.7884e-05
0.000119217
3.5688e-05
0.000167547
0.000176835
8.0805e-05
9.8056e-05
5.3497e-05
0.000128856
4.7911e-05
5.9015e-05
0.000110557
4.9517e-05
3.4711e-05
0.000124735
0.00016622
0.000147293
0.000129275
0.000111954
0.000113072
9.0024e-05
8.8348e-05
4.826e-05
0.000104062
0.000158397
0.00020547
0.000106506
8.6811e-05
0.000137585
7.438e-05
7.878e-05
5.6082e-05
5.9504e-05
4.7282e-05
0.000121732
0.000291304
6.0482e-05
0.000194715
0.000176207
0.000138843
0.000193109
8.6044e-05
5.0354e-05
0.000116843
0.00015756
0.000143033
3.1009e-05
7.5637e-05
0.00016175
0.000106227
0.000105249
9.6729e-05
0.000104761
8.2411e-05
8.9186e-05
0.000296681
0.000140659
0.000197718
0.000430216
0.000436222
0.000225305
0.000241089
0.000158328
0.000165242
0.000124595
0.000223559
0.000128297
0.000203236
9.3377e-05
0.000145966
0.000129484
0.000191851
0.000229774
0.000119218
0.000194365
0.000137306
0.00041995
0.000313164
0.000273145
0.000137864
0.000171109
6.7186e-05
0.000180747
0.000281526
0.000276917
0.000178023
0.000562005
0.000224397
0.000179699
0.000304294
0.000117262
0.000216645
0.000315399
0.00021867
0.000241088
0.000509066
0.000215737
0.000142893
0.00027566
0.000326155
0.000190804
0.000149249
0.00028006
0.000211407
0.00016615
0.000161261
0.000245349
0.000104272
0.000186683
0.000182353
0.000234384
0.000204283
0.000213222
0.000294238
0.000459968
0.000199254
0.000116215
0.000226004
0.000113351
0.000256454
0.000123408
0.00033251
0.000210359
0.00016154
0.000168873
0.000130601
0.000165801
0.000283831
9.9103e-05
0.000224956
0.000213013
0.000350738
0.000151763
0.000176277
0.000193458
0.000274333
0.000356255
0.000114888
0.000140449
0.000260295
0.000171528
0.000251006
0.00028013
0.000257221
0.000185846
0.000238295
0.000180398
0.000459479
0.000277755
0.000201699
0.000322872
0.000306459
0.000258549
0.000411849
0.000355557
0.000742542
0.000360376
0.000628563
0.000696309
0.000162588
0.000578068
0.000330624
0.000273914
0.000722848
0.000228238
0.000351088
0.000621299
0.000107344
0.000366173
0.000675775
0.000565427
0.00022761
0.000294726
0.000232429
0.000396693
0.000109649
0.000300104
0.000335443
0.000433359
0.000298986
0.000484622
0.000409195
0.000279291
0.000511371
0.000215178
0.000124316
0.000515422
0.000138982
0.000366871
0.000501593
0.000453264
0.000550063
0.000166569
0.000271609
0.000185915
0.000678569
0.000370293
0.000238016
0.000388801
0.000218181
0.000458431
0.000160423
0.000324269
0.000305411
0.000368477
0.000399696
0.000329926
0.000450331
0.000403607
0.000390477
8.1783e-05
0.00031512
0.000404446
0.00019241
0.000496844
0.000132906
0.000229775
0.000565916
0.000197229
0.00031051
0.000587706
0.000241787
0.000395575
0.000381258
0.000463809
0.00044635
0.000943264
0.000184588
0.000307995
0.00018829
0.000650702
0.000264695
0.000432242
0.000158468
0.000119008
0.000219578
0.000510532
0.000409893
0.000862598
0.000391455
0.00019681
0.000399277
0.000394318
0.00024954
0.000375182
0.000315748
0.000409613
0.00045466
0.000372319
0.000135979
0.000688485
0.000167757
0.00133039
0.000303875
0.000877963
0.0017518
0.000480781
0.000917632
0.00065615
0.00116508
0.000447048
0.000521148
0.000453683
0.000263927
0.000728644
0.00143613
0.000789684
0.000303386
0.000557395
0.000281037
0.000486787
0.000567243
0.00108057
0.00030611
0.000453193
0.00103336
0.000247304
0.000496076
0.00026679
0.00100752
0.000779348
0.000235362
0.00065189
0.00040249
0.000322733
0.000216714
0.000552087
0.000715864
0.00106472
0.000337538
0.000302688
0.000436921
0.000763914
0.000817551
0.000293958
0.000574227
0.000880546
0.000314142
0.00037609
0.000197159
0.000118099
0.000456756
0.000467511
0.000416388
0.00113002
0.000443067
0.0007959
0.000397042
0.000339005
0.000400953
0.000772295
0.000664041
0.000217692
0.000871607
0.000486926
0.000812523
0.000869652
0.000418064
0.000869931
0.000547408
0.00121843
0.000437061
0.000536304
0.000585192
0.000739539
0.000727667
0.000335164
0.000307367
0.000467231
0.000710905
0.000243394
0.000478964
0.00107624
0.000794713
0.000544894
0.000364497
0.000397392
0.000608938
0.000655801
0.000892699
0.0005252
0.000373366
0.000219019
0.000256104
0.000542101
0.000591477
0.000733882
0.000553415
0.000583097
0.000201908
0.000733813
0.0010284
0.00119162
0.00114594
0.000366033
0.000724244
0.000680664
0.000443416
0.00131872
0.000426026
0.000621858
0.00138493
0.000362611
0.000970361
0.000900172
0.000514234
0.000313513
0.000933276
0.000463111
0.000578767
0.000623255
0.000808471
0.000804141
0.000294936
0.00187682
0.000628563
0.00138808
0.000720543
0.00131216
0.000640506
0.00130057
0.000725711
0.000979021
0.000483295
0.000895283
0.00124888
0.000638131
0.000956672
0.000780885
0.000995993
0.00123115
0.000253311
0.000513605
0.000420648
0.000380421
0.000872445
0.000825932
0.0015506
0.00137886
0.00083117
0.000603141
0.00112352
0.00264471
0.000625351
0.00154557
0.000510742
0.00158468
0.00130587
0.000573808
0.00123198
0.00115313
0.000335932
0.00167924
0.000791291
0.000963656
0.000895143
0.000237178
0.000171877
0.000513815
0.00194449
0.000640925
0.00104432
0.000261901
0.000719495
0.00067333
0.000713
0.00052918
0.000625351
0.000930762
0.000545732
0.00122989
0.000429169
0.000682969
0.000573389
0.001809
0.00103315
0.000713349
0.00110145
0.00103622
0.00117311
0.000722777
0.00139101
0.00055551
0.000641902
0.000578767
0.000149598
0.000683807
0.000662436
0.000254359
0.000742123
0.000732905
0.000648747
0.0026304
0.00228734
0.000380071
0.000679476
0.000999973
0.00207998
0.00251879
0.00144129
0.00292023
0.00482205
0.00128401
0.00252661
0.00183917
0.00181459
0.00251125
0.000662296
0.00112177
0.000777393
0.00109866
0.00145757
0.000583656
0.00071719
0.00260937
0.00158894
0.0014503
0.00374002
0.00198975
0.00151574
0.0010247
0.00150373
0.00123617
0.00215367
0.00124679
0.00219788
0.00185873
0.000984958
0.000834872
0.000746314
0.00501
0.00254023
0.000962889
0.00138996
0.000951504
0.00160961
0.00201433
0.000582608
0.00123331
0.00109084
0.00227658
0.00100368
0.00179301
0.00211288
0.00146623
0.0034909
0.00214885
0.00100898
0.000392992
0.00218496
0.00176137
0.00245125
0.00243016
0.00251272
0.00159662
0.000956323
0.00106311
0.00107743
0.00187835
0.000650004
0.00169475
0.000663552
0.000331043
0.000758257
0.000875658
0.00476129
0.000401372
0.00108448
0.00575617
0.00101492
0.000999764
0.00220577
0.00134554
0.00315553
0.00350633
0.00252193
0.00216107
0.0019813
0.00146623
0.00084381
0.00227931
0.000456965
0.00166779
0.000557815
0.000851214
0.00127954
0.0035555
0.00100109
0.00146483
0.0020524
0.00137187
0.00268082
0.00285333
0.00301983
0.0026524
0.00147335
0.0024692
0.00253485
0.00323808
0.00279466
0.00279613
0.00302632
0.00191691
0.00484203
0.00401163
0.00154815
0.00145547
0.00179497
0.00604622
0.00190001
0.0032855
0.00101059
0.00245293
0.00373241
0.0014054
0.000924546
0.0011715
0.00526792
0.0023745
0.00439722
0.00176975
0.00682577
0.0065242
0.00387893
0.00332594
0.00169349
0.00397762
0.00238735
0.00196042
0.00113937
0.00180565
0.00346171
0.0048729
0.00367563
0.00493883
0.00211777
0.00281114
0.00273655
0.004234
0.00405584
0.00222344
0.00523251
0.00309323
0.00195609
0.000401093
0.00239238
0.00301682
0.00348566
0.002943
0.000581141
0.00116096
0.00218041
0.0024794
0.00345032
0.000965892
0.00294377
0.00251509
0.00386301
0.00535487
0.00347239
0.0014077
0.00344983
0.00246341
0.00800398
0.00163035
0.00244022
0.00109461
0.00639269
0.0036685
0.00500595
0.00640212
0.0034073
0.00111458
0.00219466
0.00185384
0.00624722
0.00197816
0.00432968
0.00238211
0.000488533
0.00193234
0.00110508
0.00315106
0.00181557
0.00247898
0.00218
0.00389765
0.000920566
0.00249791
0.00366767
0.00270135
0.00174727
0.00293616
0.0008267
0.00744505
0.00555489
0.00315895
0.00330987
0.00514199
0.00810951
0.00936349
0.00759227
0.00237303
0.0065784
0.00208739
0.0123249
0.00477819
0.00403055
0.00579514
0.00433087
0.0065682
0.00349236
0.0147721
0.00501628
0.0222268
0.0018345
0.00631838
0.00520352
0.00342176
0.00229181
0.00506985
0.00540201
0.00264744
0.00345891
0.0134365
0.00423163
0.0026364
0.00781723
0.0021684
0.00367933
0.0035159
0.00776352
0.0124366
0.00425558
0.00417177
0.00268145
0.0053842
0.00684784
0.0124884
0.00268983
0.0035789
0.00336749
0.00343621
0.0051612
0.00293371
0.00398041
0.00304057
0.00342162
0.00288685
0.000516819
0.0025072
0.00560909
0.00365747
0.0061361
0.0019079
0.00525353
0.0017356
0.00428652
0.0034527
0.0042706
0.00320972
0.00252277
0.00316949
0.0101186
0.0065557
0.00390512
0.00256356
0.00618848
0.00247912
0.00599866
0.00759905
0.0100204
0.00163622
0.00333781
0.00340807
0.00348189
0.0063357
0.00876692
0.0087167
0.00779858
0.00152706
0.00980041
0.00255301
0.00121585
0.0060599
0.00405905
0.00570854
0.00384548
0.0018243
0.00274451
0.00627802
0.00438856
0.0221282
0.00580918
0.00527378
0.00521477
0.00301843
0.00638529
0.0116412
0.00425621
0.00639556
0.0116012
0.00576783
0.0107352
0.0129571
0.0150044
0.0254595
0.0101313
0.0128501
0.00511085
0.00978798
0.0124952
0.00968203
0.012131
0.0119671
0.00260337
0.0113517
0.0133148
0.00204143
0.00671571
0.0071205
0.0162864
0.00666123
0.0159876
0.00264918
0.00402357
0.0119647
0.00781946
0.0102397
0.00699514
0.0076501
0.018391
0.00284208
0.005352
0.0188677
0.0048664
0.0116584
0.00791703
0.00764717
0.0034182
0.0093248
0.00497235
0.0219611
0.00591841
0.0162164
0.0127635
0.00823871
0.0167341
0.0064999
0.00792555
0.0234539
0.0094348
0.00262083
0.00290843
0.00997362
0.00624268
0.00871726
0.00310789
0.0128636
0.00728686
0.0167114
0.00677724
0.0063605
0.0110435
0.0073787
0.00265288
0.00424496
0.0148029
0.00286255
0.00967372
0.00603826
0.00850383
0.0109234
0.00352994
0.0129061
0.0064508
0.0329244
0.0174666
0.00371544
0.0104653
0.00660382
0.00741097
0.00431816
0.00516525
0.0124765
0.0084872
0.0111932
0.0067449
0.00545467
0.00898782
0.00539153
0.00656366
0.0158418
0.0147071
0.0228705
0.0175545
0.0215552
0.0364869
0.015931
0.0229752
0.0222665
0.0135524
0.0364553
0.0168406
0.00992934
0.00706002
0.0132175
0.00666109
0.00662764
0.00800908
0.0131185
0.0127557
0.0105837
0.0377484
0.0159934
0.0314244
0.0173455
0.00882104
0.0129739
0.0123344
0.0307349
0.0112548
0.0134148
0.0124287
0.0140027
0.00651415
0.0116163
0.00578655
0.0209748
0.0155678
0.0107625
0.0414102
0.00392433
0.00979385
0.0111238
0.0170765
0.00817977
0.0347072
0.0321398
0.0389269
0.00862067
0.0294281
0.0133443
0.0324781
0.00951037
0.0133793
0.0124759
0.031942
0.00268592
0.0209765
0.0634286
0.0200704
0.0243574
0.0146358
0.0161399
0.0325605
0.00790034
0.0161223
0.0132866
0.0167277
0.00670935
0.011482
0.018511
0.0101529
0.0276033
0.0253152
0.00766504
0.0109437
0.0198231
0.0106747
0.00778168
0.0123383
0.0167244
0.0208697
0.010408
0.0313269
0.00732716
0.00392621
0.0250968
0.00142579
0.00927116
0.0097143
0.0144985
0.0212245
0.0283962
0.0147503
0.0318712
0.0173835
0.0171932
0.00324513
0.00569555
0.0114609
0.00926355
0.0209656
0.0272706
0.0525776
0.0428236
0.00272021
0.0266639
0.00486082
0.0484367
0.0155685
0.0404843
0.020302
0.0298692
0.0187412
0.0498929
0.0501316
0.0199296
0.0239811
0.0388788
0.0138894
0.0328233
0.0172784
0.0698527
0.0737934
0.014497
0.0642164
0.0178052
0.0303062
0.0166033
0.0431972
0.02579
0.0407224
0.0456038
0.0131514
0.0319063
0.00880631
0.0101916
0.0131602
0.0177026
0.0146887
0.0161338
0.0287866
0.0152667
0.033757
0.0229682
0.0148258
0.0163005
0.0423011
0.0416656
0.0246979
0.00509897
0.00545634
0.0352536
0.0112874
0.00978309
0.0298127
0.0767324
0.0184723
0.00944171
0.0532627
0.0194735
0.0450851
0.0536745
0.0281014
0.0151331
0.0327186
0.0116737
0.014937
0.0217035
0.0833986
0.0527199
0.00747878
0.0338082
0.0279504
0.0335813
0.0159501
0.0295143
0.023294
0.0371757
0.0118916
0.0723512
0.031812
0.0283568
0.0273769
0.015033
0.0235821
0.0370556
0.0310985
0.0211014
0.0599775
0.0234275
0.00732094
0.0217563
0.0175905
0.0105554
0.0384083
0.0149917
0.0324573
0.0406402
0.0305505
0.0245163
0.130576
0.0977223
0.0278283
0.0224855
0.0246002
0.0734054
0.0368325
0.0876202
0.0750119
0.0276015
0.0572161
0.0285234
0.00972694
0.0490051
0.040495
0.0108659
0.0186025
0.1978
0.0488817
0.0618442
0.0161866
0.0607981
0.0619079
0.0965491
0.0684026
0.0174919
0.0572647
0.03718
0.0345126
0.0615353
0.0555712
0.0562078
0.0585831
0.0380445
0.0412324
0.0677747
0.032111
0.0729319
0.0391901
0.0352446
0.040912
0.058946
0.0386573
0.0473207
0.0368472
0.03254
0.045281
0.0215206
0.0234728
0.0347611
0.0470637
0.0571368
0.0180518
0.0344399
0.0481673
0.0251857
0.0684168
0.0436142
0.104905
0.068138
0.0256339
0.0679412
0.0918066
0.0290532
0.0937913
0.035614
0.108326
0.0608057
0.0272442
0.143909
0.022098
0.107087
0.0189311
0.0181117
0.0323042
0.04773
0.0189626
0.0585684
0.13012
0.00786325
0.022099
0.100138
0.0286428
0.0286078
0.0427653
0.0536833
0.0177768
0.0402551
0.0275635
0.0845713
0.0605345
0.112721
0.0496496
0.174338
0.00415641
0.0292552
0.0542718
0.0520877
0.0687702
0.0225544
0.0447309
0.331809
0.0982021
0.136776
0.0355241
0.0965968
0.112258
0.0405066
0.048948
0.144376
0.0762304
0.132656
0.11156
0.0515649
0.248588
0.0813749
0.147189
0.108572
0.0715952
0.06156
0.0604696
0.0451947
0.0634384
0.114244
0.0693246
0.248471
0.185063
0.0876611
0.0481543
0.191569
0.0657931
0.030767
0.118251
0.0675448
0.111097
0.032629
0.0965874
0.0220398
0.0911159
0.0162558
0.221561
0.201527
0.164429
0.047167
0.278857
0.068788
0.0403834
0.0595542
0.194425
0.10642
0.0344857
0.0622374
0.0395224
0.0709983
0.0623345
0.139202
0.041066
0.149092
0.0480485
0.0368371
0.110476
0.111936
0.276552
0.176093
0.0835232
0.119278
0.0348904
0.011721
0.140881
0.0549986
0.0299355
0.0214633
0.102101
0.071081
0.105041
0.163121
0.0331725
0.139086
0.0319715
0.0330449
0.0843047
0.0434109
0.152513
0.0107179
0.0438089
0.0648131
0.0314531
0.0218294
0.0460966
0.283932
0.209431
0.0683754
0.159215
0.0425908
0.0441067
0.0557573
0.0246686
0.0327529
0.0813868
0.112968
0.311535
0.0528344
0.244228
0.0573082
0.0980484
0.118893
0.171031
0.0844888
0.179394
0.482507
0.0983208
0.060345
0.352809
0.159712
0.033432
0.381628
0.235532
0.0903091
0.257381
0.245054
0.128691
0.0732598
0.13714
0.0811447
0.107473
0.0671527
0.245217
0.133068
0.112893
0.527465
0.313643
0.118013
0.158378
0.112029
0.204391
0.0464685
0.230304
0.0952572
0.0669091
0.0872862
0.0298686
0.0455219
0.0503551
0.093584
0.219613
0.0734928
0.143622
0.50225
0.280603
0.29471
0.426508
0.117185
0.143168
0.186834
0.13785
0.174049
0.091035
0.344874
0.10298
0.1804
0.17022
0.0831781
0.0278648
0.11532
0.168415
0.0582351
0.0998078
0.523827
0.17141
0.0117564
0.0441919
0.201046
0.293825
0.0641479
0.0395077
0.0654732
0.503764
0.211682
0.0672488
0.181448
0.202287
0.267612
0.211665
0.0997603
0.068855
0.257591
0.462928
0.233719
0.069281
0.220792
0.0492445
0.262596
0.41509
0.0335798
0.273206
0.195561
0.192546
0.0822864
0.392881
0.169244
0.285307
0.336989
0.365164
0.143193
0.152849
0.209767
0.383729
0.431355
0.903548
0.135357
0.107647
0.882066
0.429349
0.192316
0.496603
0.234093
0.12427
0.0940347
0.184234
0.122582
0.137211
0.420267
0.109752
0.19741
0.0987065
0.289292
0.257731
0.150087
0.563078
0.126932
0.564762
0.577554
0.0290049
0.183056
0.462728
0.131151
0.0407934
0.309706
0.00937816
0.122674
0.434197
0.423084
0.318412
0.185182
0.728464
0.201459
0.644861
0.421361
0.29406
0.346196
0.326773
0.341503
0.0693031
0.27794
0.494139
0.293311
0.294238
0.157366
0.240482
0.0321154
0.492665
0.349377
0.0785238
0.353626
0.763026
0.31038
0.129599
0.246916
0.837018
0.365868
0.378486
0.426501
0.316761
0.167698
0.182797
0.687839
0.895553
0.140835
0.721749
0.0573713
0.0481456
0.55948
0.157943
0.369491
0.288917
0.299412
0.375533
0.114432
0.153802
0.509241
0.130427
0.309969
0.736825
0.248459
0.859547
0.112876
0.156536
0.0851208
0.207522
0.248479
0.694768
0.0923461
0.624659
0.630718
0.384646
0.746013
0.264706
0.267698
0.41362
0.635634
0.362147
0.327313
0.154101
0.034533
0.327858
0.177258
0.784125
0.200003
0.10568
0.0546327
0.155243
0.0183755
0.218654
0.703406
0.133768
0.118055
1.42177
0.309877
0.489946
0.594431
0.17767
1.13144
0.330064
0.675081
0.594597
0.587243
0.333763
0.399312
0.419834
0.303098
0.115264
0.237058
0.136676
0.323471
0.6163
0.44937
0.372047
0.42829
0.394648
1.14209
0.822613
0.152023
0.25982
1.39682
1.19062
0.0847827
0.355078
0.138873
0.342074
0.40945
0.592054
0.478847
0.339112
0.405963
0.928513
0.283688
1.20576
0.169321
0.300891
0.490548
0.227247
0.339121
0.62863
0.347496
0.407202
0.189545
0.527858
0.289864
1.15873
0.888623
0.116926
0.95475
0.077617
0.621942
0.646073
0.461345
0.182068
1.13535
0.261756
0.217668
0.199993
0.184598
1.08255
0.379353
1.43208
0.32978
0.481869
0.244651
0.606542
