2.5562e-05
1.9616e-05
2.889e-06
1.3378e-05
2.4495e-05
7.903e-06
2.502e-06
1.1783e-05
1.8144e-05
2.004e-05
2.4682e-05
6.861e-06
1.7703e-05
1.031e-05
2.8641e-05
1.0302e-05
1.7879e-05
2.0969e-05
3.1411e-05
1.7787e-05
1.7827e-05
2.9234e-05
2.9064e-05
1.9341e-05
3.723e-06
1.2303e-05
5.175e-06
1.3541e-05
2.936e-05
8.913e-06
1.5206e-05
2.5412e-05
1.641e-05
2.843e-06
2.467e-05
1.1245e-05
1.5461e-05
2.4108e-05
2.2067e-05
3.1604e-05
1.1578e-05
1.7898e-05
1.289e-05
9.453e-06
2.272e-05
1.0603e-05
2.1517e-05
1.7069e-05
3.1009e-05
1.226e-05
1.4671e-05
1.4541e-05
1.7361e-05
1.7674e-05
1.125e-05
1.3252e-05
1.473e-05
2.8123e-05
9.607e-06
2.2352e-05
1.1518e-05
1.1939e-05
1.0215e-05
1.3053e-05
1.3942e-05
1.1216e-05
2.1537e-05
9.065e-06
1.0295e-05
3.5144e-05
2.7644e-05
1.2759e-05
5.212e-06
2.0942e-05
3.0535e-05
2.6406e-05
1.1835e-05
2.613e-06
8.385e-06
2.001e-05
1.1074e-05
1.9966e-05
1.8953e-05
1.4663e-05
2.5482e-05
1.3512e-05
2.8385e-05
2.3625e-05
8.605e-06
3.0268e-05
2.539e-05
8.421e-06
1.8195e-05
9.558e-06
1.4148e-05
2.5378e-05
1.3436e-05
6.201e-06
1.6443e-05
2.6316e-05
3.9584e-05
5.9567e-05
2.6849e-05
3.6494e-05
4.0504e-05
5.503e-05
7.2711e-05
5.2303e-05
6.8257e-05
9.407e-06
3.7259e-05
3.6265e-05
6.0418e-05
0.000155037
7.2976e-05
4.3312e-05
5.0959e-05
5.0246e-05
6.2234e-05
1.9574e-05
2.9729e-05
4.0153e-05
5.4302e-05
2.2692e-05
2.3687e-05
3.526e-05
1.3509e-05
5.8687e-05
4.1815e-05
3.7761e-05
8.108e-05
2.4646e-05
7.381e-06
2.0125e-05
1.3488e-05
4.5077e-05
5.0817e-05
2.2966e-05
4.954e-05
2.9103e-05
3.4167e-05
2.9776e-05
1.7262e-05
3.3631e-05
1.5407e-05
5.5815e-05
1.5041e-05
3.8033e-05
4.8591e-05
4.4284e-05
4.5335e-05
7.136e-06
9.249e-06
5.5754e-05
9.8167e-05
3.0923e-05
4.6606e-05
5.0472e-05
2.7647e-05
1.5553e-05
2.1878e-05
0.000149599
6.8602e-05
4.9737e-05
3.5821e-05
1.0067e-05
5.6077e-05
7.3981e-05
5.3898e-05
7.768e-05
1.4893e-05
6.3081e-05
3.0555e-05
1.4697e-05
5.5844e-05
4.3824e-05
6.3782e-05
9.597e-06
4.675e-06
7.6283e-05
5.1402e-05
4.5677e-05
4.5651e-05
2.3368e-05
4.6079e-05
4.2408e-05
3.8724e-05
5.5509e-05
1.9383e-05
3.6865e-05
3.729e-05
4.465e-05
1.3855e-05
9.68e-06
6.9196e-05
3.722e-05
1.3207e-05
5.4712e-05
1.7512e-05
1.3911e-05
0.000172053
5.367e-05
0.000149069
0.000137754
0.000109976
6.5682e-05
6.6982e-05
0.000228728
4.0971e-05
0.000155125
4.3108e-05
7.6253e-05
9.5438e-05
4.4598e-05
3.6269e-05
5.0145e-05
5.0474e-05
2.8167e-05
5.8338e-05
0.00019804
4.0726e-05
8.4019e-05
4.3381e-05
7.451e-06
3.7564e-05
8.9598e-05
7.3689e-05
0.000104502
0.000160038
4.0857e-05
5.5049e-05
0.000107494
2.6327e-05
2.0332e-05
0.000119462
0.000118537
7.424e-05
6.5096e-05
9.5751e-05
0.000218553
0.000141957
7.359e-06
0.000281227
3.1813e-05
0.000138793
0.000118559
0.000112071
2.1919e-05
9.7306e-05
9.3367e-05
6.69e-05
0.000125378
0.000119376
0.000109102
9.4633e-05
5.831e-05
4.8041e-05
3.3982e-05
0.000122546
0.000137018
6.8741e-05
1.2271e-05
0.000144869
0.000113626
0.000166697
3.1529e-05
0.000179188
0.000103097
0.000202132
5.2532e-05
0.000285811
0.000108426
3.5094e-05
0.000113685
6.7942e-05
0.00011795
0.00022585
0.000160311
0.000134883
1.9437e-05
0.000122688
6.0993e-05
8.1193e-05
6.3107e-05
9.929e-05
4.1876e-05
2.0866e-05
1.0513e-05
7.0328e-05
5.2945e-05
4.158e-05
0.000109414
4.3016e-05
9.7945e-05
8.3578e-05
9.3306e-05
0.000131887
1.0941e-05
0.000186699
0.000138971
0.000380975
2.9288e-05
4.2925e-05
0.000114906
0.000409383
5.3021e-05
9.0024e-05
0.000233222
3.9716e-05
0.000329135
0.000393647
0.000374643
8.5011e-05
0.000188068
6.9478e-05
6.4614e-05
0.000105581
0.000112566
0.000179301
0.000123813
0.000164395
2.3372e-05
5.2119e-05
0.000275316
0.000148567
3.5401e-05
0.000263113
2.9449e-05
0.00011393
0.000323874
0.00026422
6.8948e-05
0.000167741
0.000327168
6.0764e-05
0.000183766
0.00027909
0.000474207
0.000222655
0.000198846
2.2199e-05
0.000127632
0.000187859
0.000244928
0.000241553
0.000369148
0.000136391
0.00012397
7.9978e-05
0.000157266
1.4417e-05
0.000204048
0.00023327
4.0896e-05
0.000139353
5.9151e-05
3.5303e-05
0.000113059
2.1979e-05
0.000294901
0.00011885
3.1323e-05
0.000352834
0.000371648
9.319e-05
0.000160296
9.2102e-05
0.00031802
0.000144998
9.037e-06
0.000118488
0.000354929
0.00029299
7.371e-06
0.000258656
0.000177843
0.000184709
0.000354499
0.000114103
2.8585e-05
9.5168e-05
4.1624e-05
0.000199757
0.000217311
9.961e-05
0.000157483
0.00017078
0.000360828
0.000146261
0.000154103
0.000271246
8.6006e-05
5.3802e-05
0.000101847
0.00034693
0.000232922
0.000231697
0.000164573
0.000201596
0.000230883
0.000144901
0.000400857
0.000447476
9.1736e-05
0.000557337
1.2993e-05
0.00011005
0.000376725
0.000262988
0.000233673
0.000240026
4.692e-05
0.000632271
0.00027444
5.5544e-05
0.000290928
0.000129619
0.000348921
0.000442042
3.0107e-05
7.5582e-05
0.000326303
0.000168037
0.000180815
0.000208531
0.000955912
0.000130558
0.000757956
0.000631872
0.000389593
0.000119042
0.000400019
0.000493652
4.4765e-05
0.000662576
0.000191317
7.224e-05
0.000170865
0.000112683
0.00084919
0.000299056
0.000291147
7.7238e-05
0.000123103
0.000208132
1.2676e-05
0.000166525
1.438e-05
0.000175532
5.7888e-05
0.000389299
0.000764306
0.000294222
0.000401106
0.000122958
0.000367172
4.6115e-05
0.000150332
0.00059183
0.000280832
0.000160483
0.000724963
0.000482375
8.5007e-05
0.000250403
7.0186e-05
0.000555624
0.000493129
0.000426233
0.000150222
0.000303959
0.000355091
0.000549344
9.96e-06
0.0007541
0.0002478
0.00057713
9.5532e-05
4.5131e-05
0.000297675
0.000257847
0.000221857
0.00030804
0.000100432
0.00014755
0.000337169
0.000142826
0.000154816
0.000402293
0.000164861
5.591e-05
0.00038605
0.000480906
0.000535907
0.000209205
0.000129379
0.000465367
0.000325584
0.000273625
0.000499364
8.7459e-05
1.0382e-05
0.000112818
0.000499459
1.1276e-05
1.0462e-05
0.000803852
8.43e-05
0.000591828
0.000904668
4.3292e-05
8.708e-06
0.000230599
0.00033354
0.000740911
0.000382047
0.0010908
9.5875e-05
0.00133852
0.000955059
0.000141441
8.2582e-05
0.000204153
6.0695e-05
0.00165024
0.000526243
0.000180856
0.00030121
0.00055522
0.000269578
0.000598812
0.00165258
4.9345e-05
9.8131e-05
0.000481115
0.000770444
0.000899658
0.000393598
0.00052077
0.000990283
6.3194e-05
0.000483982
7.0152e-05
6.0524e-05
0.000121459
8.483e-06
0.000355487
0.000576732
1.0734e-05
0.00126624
1.5802e-05
0.000141073
0.000196555
0.00042111
7.0923e-05
0.00156593
0.00160147
0.00142167
1.489e-05
0.000923692
0.00205284
3.2075e-05
0.000315332
1.0281e-05
8.2684e-05
0.000461645
0.00105565
0.00157565
0.00113133
0.000104698
0.000373987
0.00084199
0.000255666
0.00106401
0.000115555
0.000714649
0.000770723
0.000149954
0.00118271
0.00161989
0.000458084
0.000835271
6.5556e-05
0.000201391
0.000598639
0.000173414
0.000373295
0.000807467
0.000368195
0.0017289
0.000893362
0.000706807
0.000333792
0.00165472
0.000458887
0.000550233
0.00125325
0.000634917
0.000231775
0.00110456
0.00187735
0.00219013
0.00140823
0.000398825
0.00163421
0.000533589
0.0023531
0.0010256
3.0806e-05
0.000190104
0.00157902
0.000366878
0.000402728
0.00232197
0.00105509
0.00300089
0.00129894
0.000262749
0.00127934
0.000153063
0.000318359
0.000447794
1.103e-05
0.000219254
0.000224947
0.00215264
3.9744e-05
0.00157943
0.00061802
0.000595779
0.000586025
0.000680155
0.000474624
0.00242232
0.000156418
0.00225974
0.000846994
0.000155303
2.0142e-05
0.000783923
0.00170838
0.000176108
0.000430387
3.5453e-05
0.000612345
0.000307653
0.000814196
7.0212e-05
0.000506067
0.00081686
3.1232e-05
0.000636148
0.00125459
0.00289641
0.00187983
0.000935542
0.00105528
0.00190571
0.00273611
0.00127409
5.5269e-05
0.000209514
0.000778316
0.00135402
0.00184269
0.000771634
4.9862e-05
0.00213268
0.00306724
0.000313781
0.00140834
0.000894321
4.5962e-05
0.000319636
0.000439073
0.000133572
0.0010609
0.000148157
1.4243e-05
2.6278e-05
0.00121809
1.4182e-05
0.000478653
0.00151611
0.00119526
4.8109e-05
0.000151608
0.000627199
0.00151607
0.000921533
0.000903356
1.3974e-05
0.00014815
0.000422058
0.000118642
0.00138197
0.000802459
5.1735e-05
0.00130879
0.000239626
0.00345822
0.00148853
0.000100976
0.000199883
7.1115e-05
0.000219609
0.000778198
0.00149515
0.0026775
0.000998907
0.000366967
1.3354e-05
0.00167498
0.000504993
0.00116949
0.00208416
0.000471801
7.9477e-05
0.002812
0.000204476
0.000325452
0.000137509
0.000645393
0.000919762
0.00422028
0.0041218
0.000589948
1.4201e-05
0.00582031
0.000114651
0.00165064
0.0024737
5.3806e-05
0.00102907
0.00237651
0.000506618
0.00253042
0.000283089
0.000186285
0.000175801
8.2321e-05
0.00141452
0.00173494
0.00267228
0.00345642
0.00176865
0.00206108
1.5677e-05
0.00019987
0.00321775
0.000743316
1.4513e-05
7.4011e-05
0.00258107
0.000224921
0.000689332
0.0033384
0.00011468
0.0028157
0.000541515
3.4952e-05
0.000993381
0.00306147
0.00042867
0.000432216
0.000246124
0.00336024
0.000329938
1.3506e-05
0.00119003
0.000816684
0.000216711
0.000391166
0.000593899
0.000578284
1.3289e-05
0.00017887
0.000401844
0.00331973
0.00109465
0.000131243
0.000216841
0.000703187
0.0046293
0.00281888
0.000101393
7.7381e-05
0.00327767
0.00389902
0.00240715
9.1806e-05
0.00189178
0.000383281
0.001165
0.00270777
0.003248
6.1233e-05
0.00381921
0.00331348
0.000312332
0.00337595
0.00311596
0.000392172
0.00303376
0.00148327
0.000103405
4.4003e-05
0.00461218
0.00557282
8.7382e-05
0.000795776
0.00198498
0.000759746
0.00388204
7.5583e-05
0.00569509
0.000403458
0.000812307
0.0019565
0.000359902
0.00373997
0.00142935
0.00244454
0.00216074
0.000631854
0.00144876
1.8583e-05
0.0029032
0.000302627
0.00178744
0.0030478
0.00333187
0.00106774
0.00581659
0.003533
0.00118891
0.000967928
0.000409054
0.000844309
0.000515792
0.000927249
0.00208158
0.00930884
0.00231121
0.000596159
0.00252511
0.000767507
0.000971285
0.00278942
0.000589913
0.00610685
0.000473371
0.0039052
0.000740138
6.2402e-05
0.0111754
0.000716319
0.000104893
0.00425267
0.000208588
0.00482863
0.000907925
0.0024561
2.0176e-05
0.00553395
0.00589023
1.8234e-05
0.00240524
0.00110691
0.000570367
0.00038893
2.2414e-05
0.00186552
0.00258309
0.000161828
0.000980679
0.00239646
0.00359355
0.0057685
0.00556708
0.005552
0.00510323
0.00425148
0.000100463
0.000694585
0.000149629
0.00496297
0.00469274
0.002312
0.00425183
0.000868119
0.00807623
0.000598959
0.00636971
0.000326254
0.00556627
3.6383e-05
0.000363173
0.000213384
0.00118143
0.0072341
0.0056437
0.00719754
0.000801757
0.0032063
0.00105455
0.0059632
0.0032777
0.00063532
0.00347507
0.00596972
0.000447831
0.0049958
0.00692131
0.00395042
0.00067323
0.000735583
0.00200986
0.00144812
0.00120338
0.00344267
0.00348653
0.00375157
0.00261485
0.0129854
0.0100961
0.00127942
0.00492633
0.00344707
0.00417401
1.9857e-05
2.5149e-05
0.00632913
0.0122673
0.0021862
0.00021755
0.0106195
0.00969578
0.000286845
0.00597183
0.0117959
0.000866818
7.9122e-05
6.607e-05
0.00224463
0.00767013
4.3354e-05
0.00702232
0.00478794
0.00553772
0.00410708
0.000517013
0.0031067
0.000325554
0.00298124
0.0102199
0.00889295
1.8445e-05
0.0130201
0.007772
0.000539032
0.00219662
0.00916759
0.000134302
0.000202744
0.00490055
0.00121226
0.0105049
0.00611644
0.00153131
0.0148306
0.000601066
0.00795497
0.00884463
0.00108807
0.00191512
0.00433701
0.000115961
0.00456165
0.000404917
0.00238154
0.00318218
0.0131179
0.00132134
1.8098e-05
0.000253958
0.00205651
0.0134249
0.00184461
0.000159475
0.00127919
1.8544e-05
0.000269104
0.0022497
0.00436843
0.00388888
0.000601156
0.000126336
0.00205212
0.015748
0.0206437
0.0049402
0.0142344
0.00601394
0.00132113
0.00155971
0.00368448
0.00139654
0.00207585
0.000311522
0.0245902
0.00434944
2.0158e-05
0.00545307
0.00272642
0.00199575
0.0336528
0.00532923
0.00543379
0.000132113
0.000678563
0.00925513
0.00194045
0.00153171
0.00740497
0.000853317
0.0107413
0.00349344
0.0174211
0.0146829
0.0219293
0.00256874
0.0128215
2.2307e-05
8.9137e-05
0.00469396
0.0141467
0.00928946
0.00447763
0.00480156
4.2195e-05
0.0199761
0.0189012
0.00675024
0.000887818
0.00257288
0.00287703
0.00055628
0.0120942
0.0129672
0.0100359
0.00101827
0.000606
0.00546673
0.000131618
0.0075568
0.013265
0.00524267
0.00339319
0.0143608
0.000612905
0.0220678
0.00338514
0.00703774
0.0109782
0.00646143
0.000716698
1.8938e-05
0.00171156
0.0180649
0.0114984
0.0176518
0.00533457
0.0118722
0.000802176
0.00616536
0.0117725
0.000142247
0.0014184
0.014887
0.00305339
0.000801695
0.000151875
0.00107658
0.00795339
0.000893866
0.00981709
0.0108673
0.009176
2.0394e-05
0.00381738
0.0136911
0.0122781
0.00961869
0.00249064
0.0109324
0.00356297
0.0058547
0.0305906
0.00419925
0.00151903
0.0091803
0.0146959
0.00418348
0.0348174
0.00239792
0.0234498
0.00560154
0.00110131
0.00485477
0.00287212
6.8011e-05
0.0233104
2.2488e-05
0.00283651
0.00212272
8.3908e-05
0.0185551
0.000138507
0.00117118
0.0144645
0.0101842
7.5282e-05
5.6827e-05
0.00809126
0.000472952
0.00910567
0.0165617
0.00109731
0.00290417
0.000292724
0.00123106
0.0182836
0.00706769
0.0229414
0.0539424
0.0556045
0.00828854
0.00746648
0.00950891
0.000159985
0.0149261
0.0077302
0.000255135
0.0327958
2.271e-05
0.00156807
0.0213586
0.0101699
0.000233456
0.000672035
9.0546e-05
0.00205248
0.0138647
0.00961609
0.000614899
0.000642622
0.0010836
0.0135009
5.1918e-05
0.0216363
0.0166883
0.0256079
0.00891533
0.0134272
0.015724
0.0198616
2.1639e-05
0.0080594
0.000515557
0.0100184
0.00329862
0.00847284
0.0113219
0.00133654
0.0493857
0.00040413
0.00312157
0.00209598
0.0218161
0.014603
0.000304282
0.00841214
0.0136155
0.00387979
0.0488393
9.9165e-05
0.00274319
0.0283913
0.00381033
0.0137342
0.0185468
0.0119625
0.00784764
0.00544269
0.0103358
0.00215235
0.0297044
0.0203345
0.00476511
0.000591399
0.000285946
0.00106107
0.0011918
0.00497656
0.0101717
0.0190669
0.000218952
0.0075008
0.00365117
0.00171014
0.0119222
0.000152467
0.0285364
0.00485747
0.037119
0.00912348
0.000134953
0.0129123
2.0821e-05
0.012056
0.0383915
0.039219
0.0515571
0.0115916
0.0191436
0.00119928
0.0182622
0.00808939
3.2937e-05
0.0516585
0.00789037
0.00465027
0.000452289
2.2473e-05
0.000461076
0.0439188
0.0193601
0.00152702
0.000471986
4.6895e-05
0.00155957
0.00235721
0.0210586
0.00580118
0.0382007
0.0128635
0.00813786
0.00312904
0.00180935
0.0679685
2.2202e-05
0.0027642
0.0342772
0.00369582
0.00987666
2.3551e-05
0.00286286
0.00211402
0.00860418
0.00292144
0.0314405
0.00171128
0.00382774
0.0114734
0.0298857
0.00919927
0.0214422
0.00667844
0.00338766
0.0409984
0.00028161
0.0170855
0.0450448
0.00176702
0.00105533
0.00302315
1.9738e-05
0.000558026
0.0241394
0.0162484
0.00427266
0.001007
0.000671627
0.0213948
0.00515553
0.0278431
0.0237175
0.00821531
0.00652184
2.9158e-05
0.0393139
0.00628872
0.01011
0.0065701
0.0182916
0.000398295
2.3185e-05
0.000450048
0.00670949
0.129963
5.3018e-05
0.00991703
0.000985872
0.0363641
0.0179133
0.010986
0.0130129
0.0154436
0.00496516
0.00342766
0.00495887
0.0311682
0.00396236
0.0512684
0.00286393
0.00365776
0.00383445
0.0125553
0.0030988
0.000578298
0.00101112
0.00737596
0.011256
0.00695723
0.0227038
0.0756908
0.0430516
0.00414676
0.0129892
0.0424666
0.00543644
0.00085083
0.0275719
0.0711861
0.0151182
0.0200982
0.038928
3.5255e-05
0.0818852
0.0291678
0.0754765
0.0050754
0.000180525
0.00103827
0.00376424
0.0404572
0.0739473
0.000150805
0.0434189
0.0560734
0.014823
0.000248149
0.024777
0.0596371
0.0402376
0.00119506
0.00689447
0.0447405
0.00395361
0.0248405
0.0124189
0.0123785
0.117077
0.0533144
0.033088
0.0019971
0.0277681
0.00100309
0.00033593
0.0607946
0.0192135
0.0429179
0.00240631
0.00371092
0.00167231
0.0101089
0.000685911
0.0232826
0.00607484
0.0409682
0.142171
0.000170985
0.0414398
0.0565082
0.0830892
0.0231039
0.000363453
0.0578704
0.000271988
0.0486747
0.0362576
0.00909566
0.000151184
0.0130612
0.0490985
0.000296066
9.7003e-05
0.019145
0.0182438
0.103645
0.00211466
0.00878803
0.0137334
0.144618
0.0113142
0.0193582
0.00431274
0.0591576
0.00770365
0.002463
0.0641894
0.00335103
0.00366116
0.00912386
0.01094
0.00124643
0.000918338
0.108881
0.00853649
0.0979844
0.258542
0.105612
0.00276986
0.04897
0.110202
0.01396
4.5018e-05
0.198336
0.00621315
0.000106005
0.058593
0.010086
0.0248719
0.0640992
0.0189087
0.00868364
0.0834441
0.0158032
0.0694465
0.0610766
0.0055748
0.012911
2.6201e-05
0.0288608
0.00379956
0.067041
0.0163259
0.0827307
0.0902486
0.00794696
0.120016
0.0192548
0.067879
0.0482528
0.000119814
0.00342282
0.0329966
0.002686
0.00925958
0.0428682
0.000309204
0.0947863
0.010808
0.168857
0.00020025
0.000500349
0.0010292
0.0215183
0.0748977
0.00940501
0.0803068
0.000154705
0.0582773
0.0361075
0.102875
0.0146537
0.00992558
0.00751056
0.000375122
0.0782373
0.0138844
0.0348885
0.0805026
0.000626424
0.0929773
0.000816237
0.000726394
0.00184793
0.00118281
0.020004
0.073563
0.0720574
0.000728972
0.13106
0.0952469
0.0190378
0.000105013
0.0395385
0.0840449
0.00106887
0.0371776
0.0745297
0.0960529
0.0410796
0.0342334
7.3343e-05
0.0538861
0.000115095
0.0435305
0.0743501
0.000560401
0.0509873
0.0762685
0.128201
0.0146471
0.328651
0.010895
0.108838
0.183815
0.000385327
0.0854663
0.0454157
0.141542
0.00907198
0.1191
0.0165584
0.0141213
0.0392684
0.00144713
0.0179551
0.0303502
0.00460563
0.104895
0.000956947
0.351816
0.0511445
0.0987546
0.171894
0.0908351
0.26427
0.216981
0.0187234
0.149818
0.197715
0.0447213
0.0273758
0.197016
0.0851858
0.0364181
0.0829542
0.00220261
0.218199
0.253838
0.14271
0.0832021
0.0206655
0.0467171
0.00334824
0.0162182
0.0134501
0.106319
0.0896146
0.000587846
0.336603
0.0027477
0.0463057
0.0357214
0.116694
0.000135799
0.11571
0.0588715
0.0115206
0.149409
0.055514
0.0113657
0.000148062
0.0903655
0.151587
0.0676756
0.000247389
0.0958751
0.0247593
0.161859
0.245069
0.0991717
0.0580083
0.239174
0.0542265
0.000214534
0.17797
0.000204547
0.126695
0.0751738
0.0044075
0.0355707
2.7826e-05
0.0461403
0.00312132
0.11306
0.311198
7.375e-05
0.000257898
0.226983
0.407021
0.0676297
0.00239152
0.0128813
0.0722664
0.362311
0.00343385
0.0165426
0.163287
0.0233598
0.000364032
0.0105541
0.0366672
0.000139709
0.262559
0.00695743
0.028583
0.0032897
0.023995
0.008602
0.00298787
0.00305719
0.00247277
0.0194006
0.424176
0.274746
0.107656
0.0404653
0.0909274
0.0602946
0.00234153
0.308184
0.0293093
0.286204
0.00729525
0.00490701
0.306005
0.00322794
0.104788
0.152862
0.0524798
0.000900754
0.0320489
0.000340976
0.0719086
0.000426574
0.0430919
0.0820894
0.115482
0.00395603
0.154131
0.00192727
0.00662045
2.5376e-05
0.340611
0.162705
0.001461
0.0216095
0.0248031
0.0512892
0.0186061
0.0248264
0.0041566
0.0176996
0.078944
0.138302
0.170434
0.000168883
0.0639409
0.0176819
0.173744
3.5527e-05
0.000139483
0.0945981
0.0346957
0.0465686
2.802e-05
0.0171233
0.161567
0.0185084
0.142494
0.0536858
0.00172904
0.0938657
0.00054332
0.00101865
0.124355
0.00297123
0.212598
0.370568
0.0547318
0.000712982
0.122985
0.0171087
0.00287093
0.00778912
0.143778
0.151443
0.0141481
0.306283
0.212441
0.0685227
0.00458409
0.000112314
0.0318833
0.000151
0.106119
9.7168e-05
0.0451931
0.00649166
0.0901337
0.178334
0.0227287
0.00897047
0.00383691
0.00294518
0.750443
0.00108529
0.159543
0.00577388
3.6944e-05
0.078038
3.1082e-05
0.185955
0.383368
0.00191658
0.125626
0.158182
0.209727
0.00343184
0.00510141
0.000834628
0.000328218
0.570054
0.000566889
0.0118167
0.151919
0.309075
0.00714346
0.000855396
0.030461
0.0161259
0.340263
0.311334
0.0102936
0.0245347
0.359382
0.013929
0.21614
0.00011456
0.0143322
0.0116347
0.414972
0.398058
0.129703
0.000812016
0.0466982
2.6263e-05
0.00725355
0.223127
0.0444496
0.198067
0.00464745
0.726933
0.00536535
0.901634
0.00061145
0.0190375
0.331855
8.663e-05
0.133073
0.697505
0.0412497
0.000708955
0.0359841
0.0898611
0.864183
0.0245703
0.398297
0.0292476
0.0336474
0.0172876
0.162075
0.636064
0.059514
0.280843
6.166e-05
6.6013e-05
0.126485
0.0365811
0.0215007
0.0196067
0.148378
0.496256
0.0042881
0.0551105
0.0040058
0.152201
0.032985
0.0139058
0.625174
0.122815
0.0630481
0.185661
0.0153002
0.384211
1.28288
0.00730877
5.219e-05
1.07926
0.605171
0.790812
5.2383e-05
0.417003
0.03632
0.507101
0.34521
1.36622
5.4156e-05
0.0600695
0.403054
0.0383942
0.00395099
1.87764
0.0142148
0.233838
0.922135
0.490823
0.509818
0.0809532
0.175058
9.8969e-05
0.00609051
0.108683
0.195842
0.038863
0.00261915
0.0837768
0.816554
0.620015
0.337092
0.839598
0.433318
0.109819
0.0701179
0.0498558
0.00544775
0.00300666
0.0273088
0.009755
0.146772
0.0245502
0.118732
0.263105
0.239253
0.000579701
0.0112628
2.9972e-05
0.649395
0.0149572
0.186681
0.256791
0.0740187
0.0143156
0.0062877
0.0795696
0.441304
0.000175487
1.14857
0.589186
0.0161283
0.599915
0.105733
0.0310652
0.00373771
0.120154
0.000860277
0.011261
0.264083
0.0935408
1.32123
0.258889
0.0239166
0.0978925
0.0649867
1.10713
0.00449919
0.00397632
0.267537
0.652396
0.000731083
0.0387977
0.213823
0.819672
0.0222624
0.289849
2.51222
1.02113
0.197383
0.151641
0.195473
0.0120786
0.000253539
0.25411
0.0799319
0.0220539
0.00479319
0.00120401
2.65216
0.918661
0.0212286
0.0601877
0.0880654
0.530757
0.398092
0.00113757
1.16617
0.00200231
0.0618819
0.0361758
0.112746
0.922419
0.232297
0.137309
0.586358
0.133583
0.856362
0.0124292
0.0636169
1.23572
0.220135
0.0284372
0.401254
0.0339321
0.456193
1.33228
0.194859
0.0929978
0.0387461
0.0379654
0.00537556
0.908036
0.240743
0.15653
2.2671
0.22855
0.161078
0.292098
0.162983
1.42687
2.30823
0.142721
0.315332
0.0703783
0.420984
0.302835
0.0288513
0.0807683
1.37599
0.0853541
0.00319427
0.000931731
0.00700902
0.00165189
1.21077
0.00772736
0.367192
0.113935
0.00765526
0.00534238
0.767713
0.00525211
3.2443e-05
0.00739639
0.192876
0.0571468
0.00614549
0.182046
0.119077
0.000722544
0.56787
0.310223
0.000246868
0.244691
0.00141887
0.12671
0.0103051
0.387732
0.13481
0.114194
0.249755
1.46617
0.618398
0.00149741
0.0263788
0.536498
