2.8531e-05
1.7639e-05
1.5892e-05
1.2625e-05
1.6606e-05
1.2023e-05
1.6191e-05
1.5988e-05
1.1331e-05
1.1696e-05
1.1531e-05
1.137e-05
1.5673e-05
1.1524e-05
1.5712e-05
1.616e-05
1.5881e-05
1.1678e-05
1.1715e-05
1.6211e-05
1.5745e-05
1.1541e-05
1.1116e-05
1.1501e-05
1.5837e-05
1.5725e-05
1.1601e-05
1.5793e-05
1.5724e-05
1.1543e-05
1.6003e-05
1.173e-05
1.5894e-05
1.5766e-05
1.577e-05
1.5949e-05
1.1417e-05
1.1782e-05
1.5426e-05
1.1817e-05
1.5247e-05
1.6054e-05
1.1259e-05
1.1573e-05
1.5603e-05
1.5787e-05
1.161e-05
1.1522e-05
1.5558e-05
1.5776e-05
1.159e-05
1.6059e-05
1.5247e-05
1.5463e-05
1.5913e-05
1.5637e-05
1.6059e-05
1.5812e-05
1.5745e-05
1.5297e-05
1.1595e-05
1.5603e-05
1.1506e-05
1.5491e-05
1.5576e-05
1.5686e-05
1.5887e-05
1.581e-05
1.5313e-05
1.2017e-05
1.1571e-05
1.1768e-05
1.1508e-05
1.1695e-05
1.5803e-05
1.5901e-05
1.5614e-05
1.1767e-05
1.171e-05
1.5682e-05
1.1666e-05
1.1455e-05
1.5706e-05
1.5909e-05
1.1696e-05
1.1764e-05
1.1364e-05
1.1838e-05
1.5875e-05
1.1808e-05
1.1366e-05
1.1794e-05
2.3318e-05
3.492e-06
4.827e-06
3.551e-06
3.511e-06
4.823e-06
4.889e-06
4.873e-06
1.2186e-05
1.1151e-05
1.1679e-05
1.0148e-05
1.5206e-05
1.1533e-05
1.0478e-05
1.0813e-05
7.554e-06
1.1261e-05
1.0698e-05
1.1758e-05
8.713e-06
1.2311e-05
1.1301e-05
1.1489e-05
9.432e-06
1.06e-05
1.0406e-05
1.1827e-05
1.2189e-05
1.2129e-05
6.5662e-05
1.1419e-05
8.773e-06
1.1655e-05
1.5605e-05
1.1872e-05
1.1545e-05
8.986e-06
1.1463e-05
8.973e-06
1.1499e-05
1.2311e-05
8.967e-06
1.1277e-05
9.19e-06
8.127e-06
1.5064e-05
1.1598e-05
1.1255e-05
8.717e-06
1.2069e-05
1.2091e-05
1.1544e-05
8.019e-06
7.269e-06
1.4033e-05
1.2159e-05
1.0929e-05
8.98e-06
1.2251e-05
8.703e-06
1.1613e-05
1.2302e-05
1.1707e-05
1.1408e-05
1.1625e-05
1.2014e-05
1.2114e-05
1.1437e-05
9.071e-06
1.2232e-05
1.1915e-05
1.0371e-05
1.1266e-05
1.1497e-05
9.294e-06
1.1852e-05
1.1689e-05
1.0407e-05
8.161e-06
9.198e-06
1.1286e-05
8.925e-06
1.1889e-05
1.1264e-05
1.1373e-05
8.115e-06
8.767e-06
8.763e-06
7.364e-06
1.1571e-05
7.309e-06
1.1413e-05
1.2407e-05
1.1191e-05
1.1807e-05
1.1465e-05
1.156e-05
1.1165e-05
1.1447e-05
1.068e-05
1.1473e-05
1.133e-05
1.1933e-05
1.4788e-05
7.342e-06
1.1391e-05
1.0922e-05
2.8212e-05
3.1709e-05
1.8627e-05
1.9509e-05
2.8343e-05
1.642e-05
1.739e-05
1.903e-05
1.1533e-05
1.798e-05
1.7554e-05
1.6298e-05
1.9136e-05
2.365e-05
2.2633e-05
1.5753e-05
1.8204e-05
1.8453e-05
2.3042e-05
2.0314e-05
1.7909e-05
1.767e-05
2.2024e-05
1.7963e-05
1.8025e-05
1.928e-05
1.8929e-05
1.7692e-05
2.8567e-05
1.9738e-05
2.3271e-05
1.6331e-05
1.4183e-05
1.9657e-05
1.3388e-05
2.7215e-05
1.4747e-05
1.9064e-05
2.4481e-05
1.5382e-05
1.5507e-05
2.4312e-05
2.0918e-05
2.852e-05
1.771e-05
1.8329e-05
1.7948e-05
1.8462e-05
1.8319e-05
1.7262e-05
1.4548e-05
1.9043e-05
1.9336e-05
1.8061e-05
2.8226e-05
1.7713e-05
1.8071e-05
1.9283e-05
1.5792e-05
1.8787e-05
1.5387e-05
3.0521e-05
1.9662e-05
2.5422e-05
1.9107e-05
1.7808e-05
1.8832e-05
1.7944e-05
1.7234e-05
1.8404e-05
1.4413e-05
3.9754e-05
1.8699e-05
1.8194e-05
2.8165e-05
3.4684e-05
1.7473e-05
1.5604e-05
1.7645e-05
1.7822e-05
1.8122e-05
1.8134e-05
2.0434e-05
2.0199e-05
2.2578e-05
1.3384e-05
3.7593e-05
1.7831e-05
1.8255e-05
2.8659e-05
1.8696e-05
1.5422e-05
2.2871e-05
1.9802e-05
1.7489e-05
2.9395e-05
1.8785e-05
1.8152e-05
1.5198e-05
1.8863e-05
2.4582e-05
5.8889e-05
2.8075e-05
2.3349e-05
3.2631e-05
2.5623e-05
2.6172e-05
3.1771e-05
4.1059e-05
2.9294e-05
2.6062e-05
3.9557e-05
2.8864e-05
3.0338e-05
2.4884e-05
2.5411e-05
1.853e-05
2.8128e-05
4.2295e-05
3.6079e-05
4.4728e-05
3.2933e-05
3.4967e-05
2.8972e-05
3.2011e-05
4.247e-05
6.6621e-05
2.5634e-05
3.6371e-05
3.8967e-05
3.8748e-05
7.194e-05
2.0513e-05
5.7605e-05
2.8127e-05
2.0676e-05
2.6951e-05
4.2889e-05
5.5935e-05
2.2129e-05
3.804e-05
3.6055e-05
4.503e-05
2.8954e-05
2.7345e-05
2.7386e-05
3.0611e-05
2.8229e-05
4.5891e-05
4.3895e-05
2.6152e-05
5.9642e-05
4.474e-05
7.0425e-05
2.5857e-05
2.4432e-05
2.5927e-05
2.8707e-05
2.5318e-05
2.5557e-05
2.4123e-05
2.6114e-05
2.6646e-05
2.7257e-05
2.65e-05
2.7764e-05
2.5654e-05
2.5961e-05
2.766e-05
2.3134e-05
3.929e-05
3.0902e-05
2.5868e-05
3.4439e-05
2.7054e-05
5.7025e-05
3.2522e-05
2.5742e-05
7.3186e-05
5.6479e-05
4.4311e-05
2.8177e-05
5.2652e-05
2.804e-05
2.2114e-05
2.7892e-05
2.6613e-05
4.0367e-05
2.926e-05
2.8159e-05
5.2523e-05
5.0577e-05
5.7765e-05
2.9899e-05
2.8665e-05
3.8628e-05
2.414e-05
2.9964e-05
2.4185e-05
3.0774e-05
5.5951e-05
4.4593e-05
3.7603e-05
4.117e-05
6.6542e-05
5.8229e-05
3.9692e-05
8.5082e-05
0.000113386
3.9276e-05
7.3713e-05
7.2406e-05
8.6957e-05
5.6496e-05
0.000126406
4.1604e-05
4.0034e-05
0.000163054
4.8501e-05
3.4307e-05
9.9081e-05
5.9564e-05
5.5274e-05
3.747e-05
3.3883e-05
3.4585e-05
5.9442e-05
6.6726e-05
9.4595e-05
7.9398e-05
5.8384e-05
8.4624e-05
0.000132959
3.6251e-05
5.6038e-05
4.413e-05
6.485e-05
3.5653e-05
5.5982e-05
6.1246e-05
4.6894e-05
5.1484e-05
3.4601e-05
3.3652e-05
8.1686e-05
5.6224e-05
3.5866e-05
0.000117938
8.4584e-05
3.9755e-05
7.1646e-05
2.8313e-05
5.3034e-05
4.8238e-05
4.1825e-05
6.2047e-05
6.6039e-05
9.0055e-05
9.9301e-05
3.6869e-05
3.0187e-05
4.847e-05
9.0226e-05
5.3559e-05
0.000109624
3.4335e-05
3.4077e-05
5.2652e-05
6.4355e-05
3.5136e-05
6.5414e-05
0.000115424
0.000105172
8.116e-05
6.5833e-05
4.4286e-05
4.4896e-05
3.9989e-05
6.4843e-05
8.1033e-05
0.000100727
5.4703e-05
6.1573e-05
0.000103364
5.6014e-05
4.8502e-05
3.4138e-05
4.489e-05
4.0587e-05
6.2747e-05
5.6892e-05
5.89e-05
4.9789e-05
4.879e-05
8.9928e-05
3.9145e-05
4.6513e-05
6.0344e-05
5.1494e-05
3.0548e-05
0.000148509
0.000156485
0.000189087
0.00015177
8.7432e-05
0.000137551
0.000215248
5.3854e-05
7.979e-05
0.000128205
5.2324e-05
0.000133339
0.000108867
5.7199e-05
0.000101077
4.2617e-05
4.0694e-05
4.1346e-05
5.9153e-05
7.7719e-05
0.000206784
6.6705e-05
0.000321518
0.000141035
9.7984e-05
0.000102285
8.0679e-05
4.6965e-05
8.1946e-05
0.000233054
4.4951e-05
6.6903e-05
0.000181339
4.145e-05
9.2049e-05
7.879e-05
0.000145998
9.1453e-05
0.000163497
7.3897e-05
4.4068e-05
0.000133631
0.000142111
4.6821e-05
8.6959e-05
0.000112559
0.000106279
0.000100685
8.7795e-05
0.000209078
8.5657e-05
7.2547e-05
4.609e-05
6.2938e-05
8.5231e-05
4.95e-05
0.000100658
5.7199e-05
0.00022989
7.7895e-05
0.000152917
8.8829e-05
0.000117605
7.7085e-05
3.9933e-05
7.7759e-05
4.3734e-05
4.0512e-05
0.000130105
3.8217e-05
0.000164214
0.000111114
0.000122513
0.000106965
0.000112635
0.000104141
8.622e-05
7.618e-05
3.7355e-05
0.000257671
4.9767e-05
0.000148948
6.5047e-05
0.00011091
4.4067e-05
7.1802e-05
9.072e-05
5.8397e-05
3.0105e-05
4.8227e-05
7.9399e-05
0.000316355
0.000137958
6.6627e-05
5.5949e-05
5.6046e-05
6.9914e-05
0.000229171
8.4027e-05
3.4311e-05
0.000205212
0.000128386
0.000247239
0.000115904
0.000298063
6.6415e-05
0.00019357
0.000231448
9.8349e-05
0.000260873
0.000291426
0.000191929
0.000177082
0.000102372
8.9924e-05
0.000374405
0.000277029
0.000169685
0.000100094
4.5731e-05
0.00012017
0.000234941
7.4509e-05
0.00044588
0.000275346
0.000101454
0.000310762
8.9889e-05
0.000112188
0.000148657
4.6952e-05
5.5611e-05
0.000135666
0.000346273
0.000145498
0.000180925
5.8537e-05
0.000422119
0.000205178
5.197e-05
9.1215e-05
9.5624e-05
0.000234232
9.7644e-05
4.3463e-05
0.000206298
3.8786e-05
0.000105926
8.9922e-05
6.9296e-05
0.000160151
0.000309042
0.000256573
4.9061e-05
0.00017892
0.000210229
0.00011505
0.000163796
0.000169061
0.000100376
0.000149224
4.6582e-05
0.000125663
0.000211535
6.1239e-05
4.4682e-05
0.00022135
0.000157055
0.000399951
0.000200626
0.000124604
0.000254994
0.000141526
0.000164876
8.012e-05
5.5121e-05
9.4764e-05
6.6354e-05
0.000103069
5.1983e-05
6.8532e-05
0.000212804
6.8207e-05
9.0203e-05
0.00018132
0.000222721
7.5551e-05
8.6257e-05
0.000202523
0.000313093
0.000131832
0.000123892
0.000175826
0.000186928
0.000103783
5.5258e-05
0.000164144
8.4312e-05
0.000162136
6.3713e-05
0.000210233
0.000347981
0.000105816
9.2262e-05
9.3247e-05
0.000460403
0.00032735
0.000343034
0.000210198
0.000212613
0.000209161
0.000359062
0.000105127
6.258e-05
0.000583619
0.000142156
0.000166507
0.000105236
0.000333217
0.000337937
0.000339173
0.000339143
0.00024247
0.00016301
0.000729479
0.00022737
0.000165228
0.000217125
0.000403935
0.000264077
0.00021068
0.000180245
5.5252e-05
9.6642e-05
0.000131065
8.7026e-05
0.000337226
0.000221814
0.000151115
9.5718e-05
0.000203604
0.000204891
0.000285494
0.000188362
0.000230698
0.000144846
0.00035717
0.000356835
0.000336469
0.000328103
0.000489947
0.000232646
0.000232944
0.000176961
0.00026182
0.000170373
0.000274468
0.000258564
0.00041907
0.000148666
0.000184753
0.000124495
0.000155771
5.8115e-05
0.000106942
0.000142371
0.000159641
5.0565e-05
0.000355157
0.000156631
0.00018291
0.000462571
0.00014107
0.000250382
0.000457782
9.2759e-05
0.000422663
0.00021941
0.000193023
9.3183e-05
0.000177446
0.000206697
0.0001817
0.000167293
0.000189537
0.000204901
0.000372331
5.7473e-05
6.4157e-05
0.000294526
0.000173188
0.000250038
0.000633125
5.9983e-05
0.000296893
0.000202753
0.000293023
0.000232834
0.000260484
0.000180599
0.000352256
0.000334394
0.000286324
0.000181843
0.000301132
0.000771805
0.000300163
0.000403943
0.000185115
0.000515799
0.000445801
0.000247864
0.000158577
0.000977121
0.000159608
9.6328e-05
0.000558654
0.000305237
0.000396337
0.000840024
0.000495325
0.000177475
0.00031849
0.000391784
0.000313552
0.000257103
0.000421211
0.000469256
0.000404299
0.000801583
0.000492587
0.000131709
0.000434357
0.000133207
9.1666e-05
0.000168695
0.000648162
0.000361143
0.000715527
0.000798194
0.000303417
0.000379338
0.000322394
0.000334943
8.0781e-05
0.00014121
0.000346467
0.000136734
0.000702502
0.00156661
0.000181822
0.000234948
0.00031512
0.000161217
0.000572916
8.8826e-05
0.000786379
0.000221761
0.00034014
0.000354801
0.000987273
0.000578212
0.000395272
0.000272517
0.000158372
0.000211952
0.000293507
0.00120086
0.000260057
0.000622858
0.000133948
0.000244286
0.000344863
0.000302717
0.00030456
0.000388971
0.000193151
0.00037316
0.000208069
0.000177156
0.000624681
0.000116787
0.000533702
0.00019746
0.0010334
0.000283328
0.000214068
0.000605604
0.000910325
0.000463778
0.000891591
0.000340497
0.000226757
0.000992309
0.00099166
8.0821e-05
0.00019981
0.00012994
0.000463737
0.000244094
0.00200866
0.000499952
0.000690949
0.000706931
0.000248356
0.000156645
0.000192919
0.00134645
0.000234419
0.000277704
0.000225768
0.00140058
0.000627834
0.000255203
0.000609445
0.000292253
0.000241504
0.000106371
0.000516664
0.000806474
0.000222565
0.000565271
0.000706179
0.000612347
0.00240109
0.000330982
0.0001261
0.000271098
0.00133357
0.00146165
0.000420066
0.00102499
0.000306646
0.00078816
0.000966563
0.000340676
0.0013256
0.00134681
0.000201189
0.00156236
0.000677592
0.000637985
0.000409052
0.000301479
0.00121246
0.000341368
0.00240735
0.000701391
0.0011891
0.000309704
0.000323119
0.00047743
0.000372906
0.000515013
0.00111394
0.0018099
0.000698512
0.000887236
0.000909058
0.00122999
0.0010633
0.000396994
0.000353465
0.000393043
0.000670471
0.000242681
0.000823561
0.00135922
0.000239985
0.000402073
0.00188879
0.000579894
0.00115619
0.00151729
0.000370005
0.000994957
0.000306302
0.000337785
0.00104198
0.00119327
0.000328886
0.000304166
0.000266125
0.00027068
0.00121874
0.000117859
0.000133668
0.000442094
0.000814712
0.000631312
0.00126452
0.000409573
0.00141957
0.000288858
0.000682394
0.000176671
0.000167368
0.000895031
0.000615685
0.000454007
0.000403467
0.00223792
0.000528046
0.00143125
0.00042093
0.00106617
0.000441633
0.00164194
0.00105346
0.00134611
0.00240337
0.0012272
0.000761262
0.000569744
0.000537486
0.000302786
0.000865062
0.000909854
0.00151992
0.000704101
0.00195479
0.00217353
0.00253724
0.000813701
0.000639964
0.000266062
0.000286316
0.00214818
0.000506523
0.000706202
0.000630519
0.00109139
0.000231372
0.00186072
0.000163386
0.000734959
0.000158146
0.00133947
0.00137835
0.000786188
0.00097088
0.0013204
0.00143896
0.000249843
0.00357997
0.00194926
0.00055241
0.00474515
0.000779243
0.00025082
0.000204083
0.000769601
0.000756581
0.000333088
0.00111654
0.00182008
0.000378825
0.000751051
0.000601419
0.000737819
0.000727917
0.00245405
0.000466907
0.000579758
0.000105496
0.00118385
0.000383453
0.00151627
0.000667626
0.000790638
0.00161428
0.000679461
0.000341491
0.00142541
0.000628921
0.00145874
0.00184664
0.00149101
0.00210098
0.00113025
0.000963907
0.000966943
0.000319291
0.000584369
0.000983509
0.000278562
0.000540042
0.000308223
0.00116939
0.00048768
0.000212409
0.00088508
0.00312536
0.000166717
0.000457923
0.00100065
0.00106478
0.000764054
0.00217986
0.00131351
0.00138769
0.000389232
0.00489785
0.000836953
0.00208858
0.00332123
0.00133803
0.000819186
0.000671346
0.000549192
0.00124027
0.000481017
0.000572799
0.00413037
0.00119667
0.00323462
0.00233208
0.00182693
0.00101604
0.00236031
0.0023071
0.00176898
0.00173378
0.000907791
0.00114236
0.00713572
0.00159096
0.00139938
0.000665448
0.000554377
0.0034677
0.000912211
0.0023605
0.000315795
0.00147071
0.000425554
0.000209628
0.000464135
0.000985964
0.00100048
0.00118743
0.00428285
0.00171372
0.00139945
0.000844792
0.000658034
0.000800258
0.00251747
0.00117996
0.00104535
0.00319745
0.00127062
0.00130714
0.0039545
0.00183156
0.00193295
0.00192933
0.000916012
0.000453816
0.00090355
0.00541771
0.003856
0.00145754
0.000840492
0.00307815
0.000947206
0.0017751
0.000799944
0.00522478
0.000348616
0.00111275
0.000680999
0.000411736
0.000664987
0.0030345
0.0009872
0.0015793
0.00242605
0.00113598
0.00121891
0.000926044
0.00131596
0.00447115
0.000809613
0.00420015
0.000603312
0.0003458
0.000894474
0.000876297
0.00172192
0.0022542
0.00341275
0.00306897
0.00224349
0.000884052
0.000754038
0.00152094
0.00175755
0.00442808
0.000151424
0.00365255
0.00138883
0.0152645
0.000822412
0.00175755
0.000848674
0.00297396
0.00509999
0.00567593
0.00351908
0.00288077
0.00267261
0.00215473
0.0032774
0.00152579
0.00137278
0.00979531
0.00363261
0.000758629
0.00429497
0.00301988
0.00217319
0.00101421
0.00751077
0.00167883
0.00127793
0.000982311
0.000697896
0.00130922
0.00151541
0.00315127
0.00084846
0.000399769
0.00153591
0.00350954
0.000326826
0.00483492
0.000218072
0.0037542
0.00299748
0.00528318
0.00437857
0.00335588
0.00691056
0.00450904
0.00213457
0.0044969
0.000826008
0.00103122
0.000980175
0.00339248
0.00191458
0.00165129
0.0024491
0.00487484
0.00192506
0.00741105
0.00535759
0.00203581
0.00137578
0.00049777
0.000756651
0.00212905
0.00168756
0.000463856
0.00173265
0.0014945
0.00170515
0.00168922
0.00232385
0.0026715
0.00355177
0.00342179
0.00195776
0.00384331
0.00379234
0.00612663
0.000689351
0.00308242
0.00331176
0.00183599
0.00114565
0.000932716
0.000622558
0.00168868
0.00494108
0.00290611
0.000729821
0.00315135
0.00630017
0.00193109
0.00217763
0.00225467
0.00038376
0.00542833
0.00917426
0.00171504
0.00234883
0.000359019
0.000875033
0.0048445
0.00764526
0.0106652
0.00161215
0.000576361
0.00467843
0.00250701
0.00587623
0.00294389
0.00451212
0.00465089
0.00154169
0.00299824
0.00165271
0.0117432
0.00493729
0.0016534
0.00297699
0.00990677
0.00173445
0.00199442
0.0023034
0.00117253
0.00355151
0.00138272
0.00547029
0.0151855
0.00504906
0.0123195
0.00329719
0.0033263
0.00515722
0.00411682
0.0083695
0.00347791
0.00153441
0.00086111
0.00200209
0.00299269
0.0177412
0.00549443
0.00696485
0.00305601
0.00234912
0.00458336
0.00481079
0.00647507
0.00744453
0.00497804
0.0037537
0.0133287
0.000576509
0.00475938
0.000269245
0.00482287
0.00341394
0.00622927
0.00432985
0.00137363
0.00173927
0.0106686
0.00413694
0.00755975
0.00763074
0.00427509
0.00203787
0.00160723
0.0105197
0.00257353
0.00362448
0.012201
0.0035268
0.00346759
0.00451846
0.00418596
0.00551879
0.00117585
0.010134
0.00109349
0.00202468
0.00396064
0.00844859
0.00102497
0.00240297
0.00236669
0.00194277
0.00285451
0.00550754
0.00164129
0.00415251
0.0033559
0.00391896
0.00254424
0.00382991
0.000948422
0.00465355
0.000733221
0.0019678
0.00307355
0.00148294
0.00250046
0.00101363
0.011591
0.00278275
0.00203104
0.0166665
0.00399251
0.004439
0.00302491
0.00232161
0.00584076
0.0107841
0.0014473
0.00473832
0.00553824
0.00532968
0.00877896
0.0104693
0.00280863
0.0132541
0.00266445
0.000874508
0.00656187
0.00886631
0.0266662
0.00276603
0.0025599
0.00250239
0.0191109
0.00424508
0.00217543
0.00696986
0.0190545
0.0127373
0.00471863
0.0206523
0.00223521
0.00330062
0.00410517
0.0024612
0.00248119
0.00594832
0.0226249
0.00654102
0.0122048
0.00947885
0.0026182
0.00248809
0.0260953
0.00236862
0.0056787
0.0227795
0.0094215
0.00711642
0.00253095
0.0009403
0.00115652
0.00608334
0.00479141
0.0141608
0.00846913
0.00141948
0.0129471
0.0111813
0.002404
0.00362225
0.00503656
0.00438357
0.00100702
0.00410528
0.0086029
0.0171201
0.00446434
0.00507297
0.00393401
0.00276088
0.00236098
0.00383779
0.00297197
0.0115934
0.00255582
0.00508035
0.00277967
0.0343713
0.0024256
0.0172027
0.00507053
0.00619343
0.00251841
0.0171859
0.00335559
0.0107772
0.00195627
0.00287243
0.00954639
0.00715995
0.00556602
0.00323254
0.00355529
0.00259813
0.0131821
0.00268313
0.0193182
0.0032509
0.0449998
0.0023555
0.00331095
0.00714712
0.0288923
0.00180936
0.0462426
0.0302404
0.0143562
0.00132993
0.003428
0.00122117
0.00874948
0.0152771
0.0149758
0.0158612
0.00192991
0.00625693
0.0151721
0.0218544
0.0151381
0.0379535
0.00791854
0.0095851
0.015857
0.0117672
0.0206479
0.0111971
0.00285889
0.00887011
0.017916
0.00462438
0.0261511
0.0201962
0.0176292
0.00781625
0.0294952
0.0138946
0.0148561
0.0028478
0.00841988
0.00209881
0.00934294
0.0122227
0.00870997
0.0197479
0.0572144
0.005615
0.0152062
0.00548994
0.00286908
0.0180061
0.00313115
0.0314971
0.00229341
0.00325169
0.00316566
0.00458517
0.00318116
0.00463058
0.0190025
0.0112059
0.00308677
0.00561303
0.0405626
0.0576567
0.0158034
0.012356
0.00643231
0.014465
0.033223
0.0178341
0.00359931
0.0101594
0.00431479
0.00158945
0.135087
0.02251
0.00141568
0.00565726
0.0203187
0.00895911
0.0333095
0.00445075
0.0560658
0.00766252
0.0329594
0.039164
0.0152405
0.00684065
0.0155155
0.00651412
0.043712
0.00753444
0.0232793
0.0122543
0.000827622
0.0158694
0.00147771
0.0559368
0.00964332
0.000740584
0.00420778
0.00541355
0.037161
0.0162133
0.00309254
0.0292811
0.0124174
0.0115314
0.0358694
0.00735503
0.0120207
0.00531329
0.0268083
0.0683853
0.0438699
0.00724891
0.0107268
0.00593906
0.00928255
0.0103929
0.00697643
0.000787695
0.00622925
0.00217413
0.0198788
0.00209887
0.020794
0.0346585
0.00249006
0.0166426
0.0110223
0.0451871
0.0322764
0.0412989
0.00159648
0.00425611
0.0136379
0.137488
0.131627
0.013177
0.0222331
0.0145164
0.0221627
0.0153735
0.00692824
0.0105194
0.0861231
0.0363597
0.00505487
0.0512858
0.00440181
0.0178068
0.00605793
0.0172283
0.062324
0.0103654
0.0164422
0.000703121
0.0243389
0.00425356
0.00505064
0.0287137
0.00478493
0.0198977
0.0206666
0.160298
0.0157669
0.0151801
0.0316788
0.101308
0.00564957
0.0143101
0.00447677
0.0304239
0.0147004
0.021957
0.0181484
0.217104
0.0245901
0.0137445
0.012141
0.028504
0.0102193
0.0731442
0.0109702
0.00249472
0.0197208
0.0113487
0.0217308
0.0414775
0.0259664
0.0595676
0.0408655
0.00278441
0.312849
0.170806
0.0080873
0.0398726
0.00827354
0.0316476
0.159374
0.00495082
0.0479112
0.0055617
0.101777
0.0099821
0.014547
0.0170112
0.0618851
0.0108818
0.0176791
0.0302227
0.0117282
0.0358058
0.0184062
0.00530575
0.0459221
0.0227372
0.037324
0.00578911
0.00155478
0.00647703
0.00802055
0.0368267
0.0286517
0.00493019
0.025061
0.0126087
0.137022
0.0043662
0.0299349
0.0434532
0.0210775
0.020131
0.0394191
0.0647779
0.0185044
0.0064379
0.0114157
0.02091
0.00698632
0.025783
0.0192644
0.0126888
0.0310785
0.0185769
0.0244034
0.0774157
0.0515046
0.0199496
0.0230409
0.050589
0.011085
0.00773488
0.0138345
0.00614424
0.0418786
0.0566483
0.273988
0.00269667
0.0129451
0.110696
0.00734422
0.00792193
0.00496161
0.10438
0.0140598
0.0116565
0.00982717
0.015089
0.0172207
0.0439698
0.0257302
0.0101705
0.0633792
0.122038
0.0432097
0.0767861
0.00659976
0.0194516
0.155446
0.0165567
0.00869359
0.00818018
0.0933573
0.0456867
0.0188451
0.0117928
0.00835856
0.0168427
0.00414502
0.0135666
0.0323241
0.0109225
0.0671488
0.0121664
0.224504
0.0230547
0.0273004
0.0598992
0.0176959
0.037058
0.0367231
0.0350188
0.00549092
0.0427672
0.0161307
0.0242872
0.0272806
0.0197447
0.0281087
0.0177247
0.136324
0.0320016
0.97001
0.0588554
0.0330717
0.0336137
0.0333824
0.0154423
0.00294234
0.101024
0.00922095
0.0804217
0.0481859
0.0244935
0.141275
0.134528
0.085377
0.0437944
0.032825
0.0184384
0.0273375
0.00351803
0.12086
0.0279064
0.0552836
0.0718481
0.0475388
0.0122663
0.0154991
0.0200206
0.0884418
0.0267724
0.0128569
0.0896553
0.0215047
0.00560778
0.0306365
0.0619175
0.0183725
0.0184783
0.04894
0.0178222
0.0094725
0.0980857
0.108409
0.0104927
0.442446
0.0111976
0.0428261
0.0109654
0.0865196
0.0190515
0.131002
0.0820039
0.236819
0.0241705
0.0155652
0.0176842
0.0142493
0.122362
0.00878719
0.0125979
0.0765336
0.0905493
0.0119001
0.0324671
0.0530281
0.0186379
0.0438332
0.0370527
0.0495165
0.0118994
0.0226142
0.0583362
0.0107293
0.0106465
0.0640179
0.0396725
0.0149659
0.0298795
0.00660323
0.0155421
0.0905365
0.0181308
0.297266
0.100927
0.224309
0.0497898
0.00548375
0.0226922
0.00506858
0.0103291
0.0473363
0.422385
0.0201081
0.00377174
0.07202
0.124402
0.0530655
0.0253031
0.0517808
0.0679324
0.0563695
0.034951
0.0198072
0.345799
0.0905188
0.0527962
0.036619
0.0237695
0.0832557
0.0221716
0.0754457
0.0153228
0.120022
0.170372
0.0405938
0.0222382
0.0554744
0.0953336
0.0160635
0.090663
0.0139523
0.00488494
0.0134996
0.123594
0.0755282
0.00381546
0.078226
0.119347
0.0899176
0.0227126
0.00960258
0.365103
0.0114138
0.0532741
0.0321504
0.00792763
0.0630025
0.121856
0.0322973
0.145651
0.210865
0.0276662
0.0782774
0.0513854
0.00955106
0.0672369
0.0463744
0.0337654
0.015327
0.068525
0.0753612
0.0457455
0.0146385
0.0734493
0.185884
0.0125181
0.119123
0.100491
0.0937526
0.21384
0.091734
0.0340554
0.0317704
0.0381456
0.0137431
0.0723539
0.171121
0.0489076
0.289545
0.0563575
0.0445844
0.0487464
0.0783286
0.0757063
0.0380784
0.227886
0.072464
0.0107442
0.0207234
0.53765
0.0874387
0.0481929
0.117903
0.455681
0.112326
0.552515
0.0477489
0.315074
0.470959
0.0728934
0.331245
0.088177
0.0779461
0.148312
0.0125388
0.122322
0.432654
0.928907
0.0169528
0.0496201
0.0212981
0.0210773
0.197687
0.171064
0.0407286
0.0752747
0.00622537
0.0142176
0.0122594
0.022439
0.0485939
0.0228256
0.0944694
0.152279
0.131457
0.0631454
0.0242819
0.0358538
0.0602511
0.0324883
0.288764
0.0647712
0.157079
0.0340244
0.063998
0.606909
0.160791
0.209871
0.121568
0.0936548
0.0733887
0.200238
0.0597236
0.15739
0.0370935
0.128091
0.15753
0.0695228
0.0995217
0.0917806
0.237292
0.0495903
0.0187575
0.0400436
0.00916807
0.0787702
0.211272
0.016683
0.0920939
0.0903283
0.0525093
0.32401
0.626826
0.0568493
0.0994526
0.0159977
0.0254431
0.0998814
0.205396
0.403475
0.0292891
0.110969
0.320063
0.12596
1.10051
0.00343678
0.0675917
0.273724
0.0116688
0.0779742
0.0279418
0.0576814
0.0814917
0.11263
0.0331802
0.278359
0.473099
0.118408
0.0393549
0.0545022
