4.4322e-05
8.419e-06
1.0229e-05
2.1645e-05
2.324e-05
6.67e-06
3.0362e-05
1.5393e-05
2.4019e-05
1.8285e-05
3.0545e-05
3.101e-06
2.8434e-05
4.0607e-05
8.993e-06
2.8619e-05
3.061e-06
2.7554e-05
5.2761e-05
7.969e-06
1.6203e-05
1.0634e-05
2.2823e-05
1.647e-05
2.7881e-05
2.1276e-05
5.162e-06
1.7643e-05
1.2421e-05
1.0647e-05
3.504e-06
7.3442e-05
2.7911e-05
1.8363e-05
2.2542e-05
1.4631e-05
4.095e-06
2.4402e-05
3.3901e-05
1.2203e-05
3.1169e-05
2.915e-06
2.9725e-05
1.8701e-05
3.3436e-05
1.0573e-05
4.064e-06
1.2391e-05
2.7542e-05
1.0342e-05
2.0454e-05
2.6367e-05
3.3229e-05
1.7966e-05
2.4376e-05
5.983e-06
2.9771e-05
2.8636e-05
1.7939e-05
1.3225e-05
2.6749e-05
1.9107e-05
2.0051e-05
1.0433e-05
9.25e-06
2.3516e-05
8.981e-06
1.1687e-05
2.2679e-05
2.6146e-05
6.1379e-05
9.715e-06
8.231e-06
5.892e-06
5.996e-06
2.2604e-05
4.074e-06
2.6527e-05
9.684e-06
6.018e-06
1.7476e-05
1.5237e-05
2.6392e-05
2.1495e-05
2.0744e-05
3.3457e-05
2.3454e-05
2.882e-05
1.6576e-05
3.5699e-05
2.1243e-05
6.558e-06
1.2734e-05
3.3607e-05
2.2446e-05
1.851e-05
3.374e-06
1.9081e-05
1.7661e-05
5.122e-06
8.6507e-05
2.1144e-05
0.000108399
8.2121e-05
4.1383e-05
2.0865e-05
0.000131054
1.5197e-05
9.9968e-05
4.6884e-05
2.8222e-05
7.0621e-05
2.5473e-05
4.2676e-05
6.639e-05
0.000107577
2.1169e-05
2.6405e-05
0.000116862
0.000111459
2.7659e-05
7.3667e-05
0.000120039
9.8649e-05
6.5663e-05
9.2607e-05
7.1033e-05
0.000126325
3.0066e-05
5.1e-05
6.0458e-05
3.1051e-05
2.6841e-05
2.4233e-05
1.4613e-05
6.091e-06
1.1271e-05
9.741e-06
5.1463e-05
4.713e-05
1.8195e-05
5.9166e-05
2.0293e-05
9.6858e-05
5.8864e-05
2.4545e-05
8.4924e-05
5.1952e-05
5.7437e-05
5.356e-05
5.0734e-05
3.5528e-05
9.5465e-05
5.6218e-05
0.000115152
5.0712e-05
1.989e-05
8.5258e-05
5.12e-05
0.000159384
5.7917e-05
9.608e-06
5.1466e-05
4.8034e-05
7.807e-06
6.1593e-05
0.00011108
9.7502e-05
9.4508e-05
6.478e-06
1.2153e-05
7.4907e-05
5.0615e-05
0.000128505
5.2938e-05
4.9118e-05
6.7313e-05
9.413e-06
9.0101e-05
6.0603e-05
1.4782e-05
0.000189192
5.1559e-05
5.7469e-05
7.1228e-05
1.0033e-05
6.9548e-05
3.9777e-05
4.7422e-05
3.6947e-05
5.9396e-05
2.4661e-05
6.0487e-05
2.336e-05
1.5843e-05
6.3606e-05
2.475e-05
7.141e-05
0.000113908
8.4955e-05
8.0257e-05
0.000377439
0.00011969
8.997e-05
0.000185667
0.000322243
0.000298796
6.5692e-05
7.437e-06
7.358e-06
8.5372e-05
0.000429851
8.6538e-05
0.000153572
0.000181433
0.000324317
2.3143e-05
0.000132211
0.000424153
0.000234937
0.000209485
0.000164385
0.000217352
5.0607e-05
0.00011194
8.4437e-05
0.000123771
0.000220334
4.1868e-05
0.000211573
0.000170271
7.3689e-05
0.000266707
9.7535e-05
1.4484e-05
1.1301e-05
0.000215311
9.6361e-05
0.000117735
5.003e-05
1.1768e-05
7.0137e-05
9.9832e-05
9.482e-06
0.000334097
0.000225902
0.000331924
0.000270221
0.000392697
0.000105367
0.00014715
2.9014e-05
7.445e-06
0.000288876
0.000207354
0.000260235
0.000260483
0.000174223
0.000492453
0.000115117
8.784e-06
7.6755e-05
0.000149649
0.000129609
0.000233442
0.000155798
0.000231599
0.000191162
0.000126728
5.7894e-05
0.00011971
0.000214235
2.8431e-05
0.000207629
0.000202131
2.5803e-05
0.000130085
4.2421e-05
0.00019561
5.4519e-05
4.1156e-05
0.000197093
2.3599e-05
0.000128678
6.5458e-05
4.6894e-05
0.000301398
0.000106671
0.000202689
4.4893e-05
0.000156767
8.5639e-05
0.000249774
4.778e-05
5.5136e-05
4.247e-05
8.6487e-05
6.673e-06
7.882e-06
0.000158715
0.000454732
0.000307455
0.000539599
0.000484595
0.000433304
1.9954e-05
0.000449757
0.000263933
2.9014e-05
0.000366208
0.000178006
2.3131e-05
7.035e-06
0.000177512
7.2457e-05
0.000439967
0.000517202
1.4666e-05
0.00029935
1.4105e-05
0.000180846
7.8364e-05
0.000368602
0.000405774
0.000314828
8.6249e-05
2.9526e-05
8.911e-06
9.499e-06
0.000228354
0.000440489
0.000204334
7.8277e-05
3.6253e-05
0.000188268
5.0687e-05
0.000235099
0.000654501
4.9382e-05
1.889e-05
2.1012e-05
0.000182958
0.000111977
0.00013938
0.00045929
0.000143059
0.00040555
0.000144403
0.000740458
0.000215781
0.000152725
0.000126489
0.000328363
5.3602e-05
0.00029511
0.000357587
0.00051603
0.000550436
0.000259398
0.000159622
0.000178005
0.000297584
0.000649392
0.000418913
1.5766e-05
0.000217856
0.000192838
0.000511333
0.000270359
1.9165e-05
7.8587e-05
0.000331046
9.0365e-05
0.000349865
0.000200348
0.000125058
0.000147412
0.000180455
1.382e-05
0.000508377
0.000596087
0.000334535
0.00026262
6.0297e-05
0.000211994
0.000553872
0.000349082
0.000549367
0.000289235
3.1261e-05
0.000110534
7.1321e-05
0.000377775
0.000141978
0.000106468
0.000150137
0.000351808
0.000270996
0.000446586
9.2581e-05
0.000605149
0.000446172
2.6748e-05
0.000323424
0.00066198
0.000749881
0.000867917
0.00121279
1.1594e-05
0.000239983
0.000193163
0.000396737
0.000425699
0.000236247
0.000138503
0.000575225
0.000793165
0.000641621
6.5368e-05
0.000174469
0.000697564
0.000154495
0.000638669
0.000839495
0.000571891
0.000936341
0.0010785
1.1661e-05
7.564e-06
0.000473055
0.000351736
7.504e-06
0.000712023
0.00075789
0.000911645
8.776e-06
0.000787455
2.7123e-05
1.6223e-05
0.000360591
0.000301613
0.00134024
7.391e-06
0.000605647
0.000138263
0.000645484
3.882e-05
9.1298e-05
0.000257636
0.000601546
0.000470752
0.000292901
0.000543078
0.000205357
0.000620256
3.2344e-05
1.5287e-05
0.000953968
0.0011125
9.233e-05
0.000853062
0.000873524
0.0005251
0.000838834
2.4545e-05
0.000532038
0.000259783
0.000630687
5.1514e-05
2.5106e-05
0.000430411
0.000624222
0.000560855
0.000504648
6.3698e-05
0.000985464
0.00105209
0.000328268
0.000134931
1.6134e-05
3.1896e-05
1.1383e-05
0.000803183
7.3085e-05
0.000505289
0.000660537
0.000140174
0.000397356
0.000646274
2.1764e-05
0.000916276
0.000771773
0.000429234
0.000771374
0.00051424
3.3047e-05
0.000218948
7.4505e-05
0.000269731
0.000712356
0.000203228
9.508e-06
0.00111832
0.001572
0.000786183
0.000451614
0.00143707
0.00121295
0.000591548
0.0010177
0.000614071
0.00151228
0.00129535
0.00109358
0.000998316
0.00155035
0.002595
0.00183277
0.000359844
3.8138e-05
0.00130248
0.00119444
0.000708837
0.000863589
0.00118925
0.000873012
0.00124953
0.00192891
0.000612513
0.000824477
0.000545815
0.000155021
0.00016559
0.00178521
2.632e-05
0.000669967
0.0024795
0.00116252
0.00103302
0.000167747
9.112e-06
0.00149242
0.00120559
0.00119439
0.000418067
0.000862712
0.000525711
0.000502175
0.000597735
0.00100592
0.00149145
0.00129505
0.00133008
0.000912146
0.00159209
0.00131852
1.2525e-05
0.00024302
0.000137575
0.0010718
0.00144996
0.000962679
0.00133483
0.0013532
0.000278087
2.8984e-05
0.00167423
5.9511e-05
0.00117147
0.000133265
0.000193738
0.00105987
0.00125333
0.000911671
1.9908e-05
0.00122662
0.00196998
0.000943654
6.3449e-05
0.00146604
3.3732e-05
9.2802e-05
0.000719345
0.00193123
0.000488058
0.00138555
0.000592652
9.4197e-05
0.00232245
0.000200835
1.8486e-05
0.000988272
4.0462e-05
0.000880854
0.00178731
0.000479741
0.000897852
0.000250462
0.00179728
0.000761724
1.7353e-05
0.000700017
0.00183424
0.000336571
0.00134393
0.000296231
0.00196028
0.000420788
0.00336811
3.7862e-05
0.000557542
0.0028999
0.00240862
0.00373442
0.00198452
1.1863e-05
9.5433e-05
0.000316108
0.00164769
8.9571e-05
0.000522614
8.5981e-05
0.000296376
0.00231505
0.000666346
0.00392429
0.000656043
0.0038729
0.003166
0.000177282
0.00297365
0.00023821
0.000548904
0.00223641
0.00208958
0.000871181
0.00276395
1.5088e-05
0.00265036
2.592e-05
0.0013231
0.00249544
0.00114572
4.2013e-05
3.4034e-05
0.00092748
0.000200766
0.00478925
6.32e-05
0.00311182
0.00101507
0.000110074
0.00228431
0.0002231
0.00313808
0.00423186
1.9946e-05
2.1206e-05
0.0030225
0.00317685
8.1677e-05
0.00372146
0.00139853
4.9367e-05
0.00133761
0.000488859
0.00229403
0.00370007
0.000105087
0.00402431
0.0039692
0.00198216
1.3075e-05
0.000644111
1.5821e-05
0.000803415
5.2973e-05
0.00184253
0.000162469
0.00105296
0.000142975
0.00298864
0.000536323
0.000118553
3.4508e-05
2.7659e-05
0.00335791
0.000268358
5.024e-05
0.00402014
0.000993535
0.00328237
0.00400558
0.0017258
0.00224275
0.00254808
0.00140028
0.00374891
0.0013634
0.00271735
0.00289544
0.00283703
0.0060604
0.00173302
5.2743e-05
0.00533355
0.00274675
0.00423615
0.000179203
0.000801108
0.00710319
0.00131553
0.000980454
0.00482009
0.00934397
1.0605e-05
0.00100231
7.9323e-05
0.00220534
0.00514909
0.00492192
5.8107e-05
0.00345725
6.7174e-05
0.00649873
0.00159056
0.00409517
0.0064486
0.000972018
0.00568909
0.000781258
0.000161973
0.000177622
0.000556923
0.000129875
0.000217385
0.000108734
0.00118327
0.00127873
0.000688279
0.00386368
0.00361233
0.000859897
0.000522676
0.0015174
0.00746008
0.00695525
0.000611136
2.6627e-05
0.00156044
0.000152142
0.00770999
0.000213823
0.000187416
0.00125684
0.00184078
0.000185835
0.00756906
0.00541356
0.00795597
4.358e-05
2.2145e-05
0.0015333
0.00079003
0.000281685
0.0042312
2.0188e-05
0.00465864
0.00524962
0.000182152
0.00718914
0.000873305
0.00197148
0.00318916
0.00741792
0.00324034
0.00373247
0.00494116
0.00120888
0.00119002
6.178e-05
0.00241468
0.00140547
0.0038734
0.00322975
0.000105163
0.000735295
1.6368e-05
0.000214064
0.00533637
0.00403607
0.000320131
0.000361472
3.282e-05
0.00423469
0.000815864
0.00497269
0.00320554
0.00208349
0.00209035
0.00622353
0.00920268
0.00922702
0.0123888
0.00369851
9.5515e-05
0.000122229
0.00327388
0.00794155
0.0111314
0.000219555
0.0135629
0.00171384
0.01027
0.0134792
6.1389e-05
0.00761228
0.000126382
0.000396735
4.6043e-05
1.3036e-05
0.0133234
0.000657163
0.00553032
0.00337109
0.000160788
3.48e-05
0.00306524
0.00473504
0.00789542
0.00984665
0.00790087
0.00764179
0.0124722
0.00752469
0.00389949
0.00231447
0.00972231
0.00479547
0.00366067
0.0140581
0.011544
0.00761126
0.0127116
0.0118046
0.00274561
0.00738336
0.000131736
0.0178022
0.000730879
0.00450944
9.8162e-05
5.7397e-05
0.00150114
0.000946357
0.000364237
0.000348964
0.00355244
0.00417395
0.000111053
0.0096083
0.00241104
7.2868e-05
0.00364403
0.00828585
0.00965958
0.00973012
0.00744093
0.00482793
0.00181145
0.000237919
0.00299627
0.00978864
0.00172989
5.2994e-05
0.00292276
0.00110706
0.00122138
0.00239201
0.00100408
0.00870762
0.000829689
0.00642813
0.0122423
0.00689273
0.000683721
0.0149127
0.018047
0.000663984
0.000647579
0.00486027
0.00442064
0.0061965
0.0112182
0.00426714
0.000597838
5.3731e-05
0.00118058
0.00492107
0.00028657
0.000131837
2.3427e-05
0.00214745
6.425e-05
0.000282784
0.00328763
0.0205912
0.00464626
0.00561769
0.0224557
2.2738e-05
0.000878285
0.00636272
0.00112122
0.00269532
0.00013092
0.00801308
0.0117459
0.0215176
6.2943e-05
0.000104373
0.00145703
0.000828901
0.00020667
4.2121e-05
0.0275299
9.4269e-05
0.0135358
0.00991043
0.0157435
0.0233638
0.00811059
0.00834331
0.00684375
0.0021105
0.0150949
0.0238
0.00681125
0.00180032
0.00816637
0.0267348
0.00197702
0.0137972
0.0150061
0.00552687
0.0166448
0.00369748
4.9184e-05
0.00953774
0.0216173
0.0207233
0.000852244
4.1225e-05
0.00649791
1.7531e-05
0.00454733
0.0162395
2.0896e-05
0.00216432
0.0282387
5.9244e-05
0.00105758
0.0189632
0.000791128
0.00747897
0.0183998
0.010249
0.000132756
0.0135081
0.0020373
0.00243631
7.0511e-05
0.0296058
3.0205e-05
0.023978
0.00458841
0.0234135
9.4391e-05
0.000155416
0.00162688
0.0036449
0.0015393
0.000323451
0.000281691
9.0597e-05
0.000686824
0.00725454
0.0280426
2.2978e-05
0.0220292
0.00840019
0.0216771
0.0203715
0.00804344
0.00826008
0.0187539
0.00059478
0.00836976
0.0130801
0.00558216
0.0309741
3.0139e-05
0.0664282
0.00419827
0.0349904
0.000670904
2.4073e-05
0.031286
0.00257723
0.0247414
0.000420498
0.00614304
0.0248539
0.00556839
0.00519849
9.4399e-05
0.0430659
0.00110445
0.000106913
2.6209e-05
0.0104095
0.0205448
0.0241276
0.000134486
0.000337275
0.0110008
0.0417486
0.00192971
0.0357228
3.4233e-05
0.0102606
0.000213581
0.000188243
4.7255e-05
0.000751505
0.0299332
0.00650646
0.0177317
0.0202633
0.00111819
0.000769427
0.013332
0.0631205
0.0229316
0.000254706
0.0270905
0.00502215
0.0156572
5.8202e-05
0.0104869
0.0452565
0.0007671
4.4621e-05
0.00885389
0.000543278
0.00516399
0.0515765
0.0195317
0.0319644
0.0200588
0.0620283
4.1012e-05
0.0522329
0.029424
0.00449827
5.0078e-05
0.0349107
0.0199769
6.2367e-05
0.000959015
0.00435279
0.0142608
0.0472935
0.000409581
0.0531114
0.0185214
0.0403855
0.000309541
2.2798e-05
3.7869e-05
0.0144583
0.00239706
0.0181324
0.00794571
0.000388981
0.00451818
0.045713
0.0233088
0.0210085
0.0552872
0.000281987
3.2388e-05
0.00175967
0.0234692
0.00974741
0.000544346
0.005749
3.3881e-05
0.0028606
0.0137278
0.107095
0.0089586
0.0352743
0.0121284
0.000490267
0.00114366
0.0314724
0.000708353
0.000410288
0.00104691
0.0389606
0.0233259
0.00504255
6.7957e-05
0.0280311
0.0274736
0.0199279
0.0152995
0.0246698
0.0751879
0.00125082
0.00369151
0.00188658
0.0256944
0.0478201
0.0904458
0.00596576
0.0190061
0.0531246
0.000417791
3.4505e-05
0.000602426
0.0837802
4.0002e-05
0.0328157
0.0270769
0.0674627
0.00236727
0.00531459
0.00485705
0.043902
0.00130084
0.00327792
0.000170597
0.00153338
0.0354691
0.0230694
0.0123467
0.0792843
0.00912994
0.0204281
0.0089493
0.123993
0.00159741
0.0125171
0.0401921
0.111897
0.0219202
0.000270608
0.000383344
4.6581e-05
0.00316192
3.8383e-05
0.000194011
8.339e-05
0.00490406
0.00768424
0.000161314
0.000251462
0.0286109
0.000374393
2.1659e-05
0.0400696
0.00376464
0.0359023
2.6855e-05
0.0409049
0.0297238
0.00241126
4.4183e-05
0.00386293
2.1374e-05
0.0125201
0.000681266
0.000877017
0.000245432
0.0159473
0.0309883
0.00128596
0.00260488
0.0500429
0.0177357
0.0541551
0.000849476
0.0247964
0.0648128
0.00479123
0.0577824
0.0202378
0.0157469
0.037072
0.0541946
0.00484706
0.000107114
0.0472873
5.8303e-05
0.000118612
0.0499763
0.0100901
8.2152e-05
0.000122554
0.0878718
0.0112698
0.00379912
1.5016e-05
0.000509065
0.0222221
0.0883978
0.00485095
0.034918
0.0781329
0.000844902
0.0892417
0.119064
0.0316829
0.1493
0.00927002
0.000463984
0.00114226
0.00283901
0.0628816
1.8048e-05
0.0603954
0.000248183
0.0657615
0.0290463
0.00478152
1.675e-05
0.000115727
0.0170139
0.000698419
2.5495e-05
0.00429319
0.0817714
0.0876891
5.042e-05
3.4905e-05
0.157024
0.0111407
0.0163624
0.00402365
0.00432851
0.00101734
0.0961405
0.0231626
0.0257115
0.00128277
0.106994
0.00374887
0.000366965
0.132914
0.00108903
0.0757034
0.00807979
0.0016635
0.120768
0.0475599
0.01806
0.137494
0.021634
0.119594
0.0154002
0.112045
0.171862
0.041306
0.000291206
0.000788637
0.00142569
0.000883136
0.012142
0.00240241
0.211376
0.101956
0.000359622
0.000523528
0.0482407
0.141091
0.0181653
0.0251427
6.2726e-05
0.11626
0.0453945
0.0472934
1.7427e-05
0.00871138
0.00072316
0.0382767
0.102656
4.5894e-05
0.000659423
0.000456711
0.000412506
0.0063413
0.0129032
9.7297e-05
0.294347
0.0841681
0.0202773
0.000393063
0.00770729
0.10908
0.0405544
0.100975
0.00274661
0.0664933
0.000296686
5.7532e-05
0.000180067
0.0189947
0.00232706
0.0437833
0.00560393
0.000333959
0.0108413
0.0117925
0.150305
0.000151088
0.00245165
1.6696e-05
0.0185225
0.107353
0.0113198
0.0934842
0.00196857
0.0352648
0.000286452
0.0616022
0.00981585
0.0981903
0.0317256
0.000124139
0.00753626
0.0646723
0.0487388
4.8518e-05
0.00109527
0.0184008
0.000199707
0.0115438
0.000114758
8.2815e-05
0.00368214
0.021439
3.4969e-05
0.00911538
0.0539069
0.219109
0.104874
0.245811
0.441235
0.00299065
0.0244901
0.0766999
0.00629048
0.140161
0.0145398
0.0217561
0.0318361
0.00482917
5.2359e-05
0.186005
0.000600311
0.279225
0.121943
0.0483583
0.219441
0.35289
0.176041
0.025088
0.0782278
0.0141531
0.0416891
0.0203764
0.000162287
0.131276
0.00809515
0.0115436
0.00176642
0.237725
0.109542
2.1594e-05
0.000133922
9.2186e-05
3.3625e-05
0.0652406
0.000306078
0.0197643
0.000623675
0.000610641
0.00564698
0.0196796
0.00517604
0.0894452
0.0170211
0.00616283
3.2684e-05
0.147832
0.00859686
0.0341782
0.0540105
0.0661871
0.00324786
0.188054
0.00040876
0.00343517
0.0176898
2.2221e-05
0.00411975
0.151405
0.000129778
0.103499
0.156701
0.0513286
0.000419454
0.0035623
0.0367455
0.19441
0.00669593
0.0538468
2.5407e-05
0.0277249
0.125079
0.524482
0.173004
0.0341994
0.000491011
0.00236477
0.61761
7.6073e-05
0.000663196
0.418244
0.0037482
0.0191312
9.5006e-05
0.0147337
0.0474957
0.000216352
0.0629244
0.391869
0.0111729
0.000885578
0.008685
0.00890957
0.0328949
0.000783319
0.000519242
0.000415471
0.000842662
0.000179477
0.121002
0.148152
0.000210866
0.0016018
0.00228478
0.145855
0.441478
0.0495304
0.0118699
0.0704387
0.0243985
0.384679
0.237785
0.0703874
0.102843
0.152063
0.453557
0.071051
0.00304555
5.2257e-05
0.0108091
0.354859
0.0496619
0.0471818
0.661832
0.233713
0.00355521
0.00524772
0.00560681
0.039297
0.175976
0.0505697
2.4089e-05
0.267957
0.715222
0.0475976
0.0316998
0.0304718
0.000542157
2.6574e-05
0.22483
0.232846
0.0096465
0.189527
0.0347533
0.00275852
0.00190117
0.126748
0.160633
0.00244577
0.034675
0.143362
0.00614663
0.087512
0.0101425
1.31273
0.106811
6.0769e-05
0.856968
0.916329
0.0212084
0.017507
0.0894497
0.0122174
0.000344685
0.000133833
0.917779
0.0046139
0.0489258
0.507014
0.494759
0.0479974
2.1248e-05
0.000142828
1.15708
0.149529
0.000174094
0.0229952
6.4576e-05
0.0727648
0.206099
0.0254378
4.9021e-05
0.000339819
0.0392106
0.000844127
2.9678e-05
4.7428e-05
0.00339715
0.317415
0.000286692
2.938e-05
0.000440801
0.122774
1.8807e-05
0.128289
0.096547
4.5865e-05
0.323988
0.000535745
0.000875091
0.232725
0.431575
0.776308
0.0470103
0.000212922
0.107235
0.0448923
0.173621
0.748503
2.9071e-05
0.328681
0.00111068
0.436696
6.6943e-05
0.188172
0.0679758
0.0414453
0.000894708
0.00731274
0.108484
0.00114244
0.152281
0.616099
0.073632
0.11851
0.485129
0.114146
0.268589
0.603654
0.00823722
0.00303352
0.956599
1.23617
0.0507727
0.000145916
6.2269e-05
0.0636503
0.0420806
0.0036392
0.946678
0.0144042
0.157281
0.812022
0.000999509
0.000255036
0.160482
1.89806
0.00368415
0.000108379
0.288547
1.02737
0.0002346
0.00104851
0.000223781
0.0802135
0.368396
0.00367076
1.99192
0.0033313
0.000219463
4.0374e-05
0.00681912
0.956808
0.0205218
0.190927
0.133669
1.79271
0.000339813
3.8901e-05
0.00128076
0.0465421
0.177412
0.0156835
0.0676568
0.0916337
0.0815542
8.9767e-05
0.23949
0.897094
0.686286
0.00117974
0.0277531
0.28439
0.057151
0.000159304
0.568612
0.389307
0.000679525
2.05269
0.0649086
0.743612
0.6375
0.119065
0.0701478
0.000210433
2.9655e-05
0.0473032
0.000348822
0.00554026
0.00013495
0.88683
0.0458793
0.0166139
0.0346343
0.0711824
0.075446
0.00776452
0.00399537
0.636856
3.02716
0.0142792
0.0504475
5.4323e-05
0.366152
4.7137e-05
1.1874
0.299347
0.628497
0.174616
0.00553273
0.12783
0.0263261
2.0887e-05
0.0486747
0.000667022
0.539476
0.000206747
8.9963e-05
0.322808
0.857155
0.000911869
0.0662224
0.00010484
0.210522
0.547974
0.0118291
0.00076391
0.189673
0.0773266
2.395e-05
3.2693e-05
4.5635e-05
0.000285446
0.359482
0.00387345
0.623819
0.27707
0.156969
0.000126663
0.0334448
0.326229
0.00615857
0.0467252
2.26856
0.000165868
0.000390866
0.000245744
0.0119135
0.278137
0.0214108
4.17995
0.000275776
4.1827e-05
0.00154454
0.000394081
0.846786
0.00453541
2.15218
0.719293
0.0021484
6.3491e-05
0.230721
4.06891
2.02105
0.104823
0.000129653
0.383506
0.00442584
0.000286544
0.00255677
0.0850328
0.00146783
0.00180466
0.00111266
1.38336
0.057929
0.00727324
0.000303484
4.84928
4.4902
0.00951185
6.596e-05
0.274995
0.00157432
0.562832
0.00486561
0.138841
0.116643
3.77448
0.00568756
0.0248182
2.17925
0.189931
0.136069
0.00355912
0.00232424
1.09011
0.000132299
0.000604565
0.0103531
0.000777423
0.945024
0.0622411
0.759054
0.193522
1.61833
0.000361351
0.0165274
0.000283115
1.81422
0.0143821
1.93552
0.387576
2.51221
0.0213588
2.09507
0.12341
0.070349
0.00792861
2.00253
2.98551
0.102172
0.315604
5.33408
0.208315
0.00490296
1.73068
0.332266
0.000442373
0.0364522
0.427835
5.9567e-05
0.0857814
4.0354e-05
0.00029424
0.668283
3.65837
0.553105
5.0701e-05
0.0100688
0.509706
0.141716
0.995434
5.3316e-05
1.10443
0.00205356
9.0909e-05
0.000452699
3.83818
2.02991
0.0323109
0.00165467
4.89957
0.957161
7.22812
3.4764
0.044357
0.0440929
0.0041456
7.59489
2.35225
3.0909e-05
1.34671
2.65599
6.5442e-05
0.473649
0.779433
0.493443
0.0221758
4.686e-05
0.0137647
0.658148
1.57876
0.00146009
0.00034006
1.63457
0.384756
0.00244286
0.0126182
0.00143908
0.000146716
0.622614
0.000749971
0.00273101
3.5036e-05
0.144333
6.24902
0.00977663
0.0510791
1.55001
0.000217446
0.00478126
0.328835
0.0185398
0.103042
8.4221e-05
2.58542
6.45271
0.0753868
0.0701682
5.5796e-05
1.94342
2.71472
0.123201
8.7356e-05
0.184867
0.036917
0.656685
3.39379
1.5467
0.00875241
0.300425
0.0276791
0.00470479
9.0434e-05
1.09265
0.00120393
0.556848
0.179412
0.00220792
0.637164
3.31115
0.311066
4.1764e-05
0.00676719
0.734057
3.8796e-05
0.0158251
5.3292e-05
6.50401
9.74277
7.03146
0.000842024
0.767636
0.191669
0.000508136
0.00648967
0.0207302
2.41501
0.640527
0.0034872
0.0128286
10.0076
7.73507
0.436458
0.00527964
14.5661
13.1666
0.161818
4.37317
0.390989
9.59765
4.41219
0.00466003
18.2759
6.682e-05
0.000453981
0.0681448
0.102277
0.000103945
0.599448
9.78635
5.5541e-05
0.000244003
0.013267
0.451231
0.00687709
1.56693
1.14399
0.109707
5.15405
0.00980075
0.033184
0.967057
0.000263873
0.528704
0.000220417
13.4248
0.000881918
7.77564
16.0787
1.04068
0.0363174
2.04057
0.162168
18.5863
1.71533
1.48604
0.893492
2.05909
0.0138039
0.000112737
3.12411
0.00366558
0.000124432
1.07622
15.1587
0.665327
0.00749421
0.920567
1.65333
0.676721
0.0125915
0.523355
1.18021
4.30389
6.29207
9.11361
0.988333
0.161002
9.4045e-05
0.103616
6.5525
0.0926817
3.7862
0.00202986
0.438756
11.2684
0.000119721
0.000200375
0.572774
0.00040091
0.0227717
8.76046
1.09848
4.30655
0.0919161
0.339211
0.416514
0.100415
