5.5467e-05
1.4305e-05
0.000105716
4.091e-05
7.3293e-05
3.9181e-05
6.2662e-05
4.032e-05
2.479e-05
9.162e-05
5.4782e-05
8.5963e-05
9.1802e-05
7.613e-05
1.3445e-05
5.1343e-05
6.3446e-05
1.8878e-05
4.5736e-05
3.1296e-05
5.6946e-05
2.2986e-05
0.000104016
0.000117379
4.5484e-05
7.3278e-05
5.9959e-05
1.826e-05
5.2758e-05
2.8347e-05
4.9957e-05
9.4723e-05
5.638e-05
9.2752e-05
0.000111617
8.8538e-05
2.5368e-05
9.6084e-05
9.5626e-05
6.0276e-05
7.3143e-05
0.000102321
5.6293e-05
2.3117e-05
1.2712e-05
4.7496e-05
4.9324e-05
1.2537e-05
0.000103098
4.4563e-05
1.6817e-05
0.000102492
9.3615e-05
0.000107401
5.6023e-05
7.5873e-05
6.9284e-05
3.3976e-05
0.000111245
1.9192e-05
4.0458e-05
8.5264e-05
9.282e-06
4.9025e-05
4.5657e-05
6.3409e-05
8.5189e-05
2.2787e-05
3.0894e-05
2.5447e-05
7.2289e-05
2.7647e-05
3.0672e-05
0.000111071
5.5223e-05
7.4821e-05
9.1771e-05
3.0744e-05
4.5953e-05
9.145e-06
9.1706e-05
8.4737e-05
3.4092e-05
7.8597e-05
5.5044e-05
6.2914e-05
8.213e-05
1.8837e-05
3.3251e-05
3.7059e-05
4.0159e-05
2.5785e-05
9.9285e-05
3.4421e-05
2.2247e-05
0.000116742
8.8593e-05
6.5025e-05
2.5254e-05
1.2902e-05
0.000282771
0.000105986
0.000167651
0.000203929
9.8901e-05
0.000274275
0.000180577
0.000140055
0.000127237
0.000193792
0.000194326
0.000220348
9.3641e-05
0.00022264
2.7681e-05
0.000209023
0.000206899
0.0001934
7.8468e-05
0.000115597
5.0737e-05
0.000144476
0.000151743
0.000305167
0.000107071
0.00013785
0.000220003
0.000110894
0.000124557
0.000198763
3.5069e-05
0.000180745
3.4555e-05
0.000186809
5.1513e-05
0.00013545
0.000247601
0.000147976
8.5203e-05
6.0568e-05
0.000226003
0.000125996
9.7401e-05
0.000170519
0.000106114
5.943e-05
0.000168208
0.000304788
0.000142973
0.000108196
6.6292e-05
0.00014947
0.000203933
0.000201995
0.000179499
0.000188156
6.974e-05
0.000224732
3.4418e-05
3.3555e-05
2.3708e-05
0.000225294
4.981e-05
0.00023618
0.000266045
0.00014632
0.000121153
5.81e-05
6.7164e-05
0.00013886
0.000171999
0.000229467
6.9198e-05
0.000204186
0.000338705
0.000126329
0.000337187
0.000246068
0.000167623
0.000246286
0.00017439
0.000187152
6.727e-05
0.000160619
3.241e-05
4.1086e-05
7.8577e-05
0.000195177
7.4697e-05
4.0314e-05
7.688e-05
9.6066e-05
9.3184e-05
0.000134732
1.9532e-05
0.000117204
9.2388e-05
0.000123967
0.000130793
0.000100515
3.7179e-05
0.000372358
0.000617178
0.000234703
0.000115251
0.000202436
0.000246134
0.000176109
0.000275694
0.000214964
0.000266095
0.000255135
8.8145e-05
4.6756e-05
0.000182467
0.000129837
0.000302704
4.1656e-05
0.00012445
0.000115346
0.000122368
5.9389e-05
7.0775e-05
0.000112692
0.000422742
0.000160162
0.000118858
0.000234776
0.000194836
0.000259054
0.000203828
0.000252025
0.000255083
0.000288119
0.00014516
0.00013842
0.00028623
0.000251025
0.000355543
2.8918e-05
0.000259147
6.3668e-05
6.0198e-05
0.000212276
0.000131208
6.1144e-05
6.0264e-05
0.000188677
0.000251843
6.1993e-05
0.000111679
9.7786e-05
0.000241662
0.000154335
0.000156593
0.000110273
0.000141984
0.000200003
0.000276712
3.207e-05
0.000217725
4.422e-05
0.000141082
4.9696e-05
0.000128439
3.928e-05
0.000203849
4.16e-05
0.000157272
0.000195809
5.0303e-05
0.000264868
0.000193959
0.000103426
0.000151436
1.8542e-05
4.7494e-05
0.000274384
8.071e-05
0.000253184
0.000109107
0.000127319
0.000156819
0.00011967
3.685e-05
0.000138732
0.000121049
0.00026748
8.8028e-05
6.5534e-05
4.3529e-05
0.000165745
0.000126837
0.000115628
0.000209787
0.000139294
6.0024e-05
0.000106113
8.1606e-05
0.0001529
0.000273615
9.3209e-05
0.000424842
0.000128157
0.000418085
0.000182895
0.000218777
7.6283e-05
0.000331445
0.000338202
0.000319586
6.2098e-05
0.000164596
0.000456306
0.000337882
0.000318252
0.00032153
0.000159936
0.000365218
0.000262759
0.000131837
0.00015464
0.000119896
0.000279471
0.0002192
4.545e-05
0.000166338
3.7528e-05
0.000177008
0.000191997
0.000219097
0.000193528
4.8589e-05
0.000213557
0.000126431
0.000216362
0.000328062
0.000126203
0.000193674
2.7321e-05
0.000252328
9.9322e-05
0.000721208
0.000269408
7.077e-05
2.3815e-05
0.000395073
0.000222035
0.000116552
0.000194616
0.000152
0.000155301
0.000232814
0.000240772
0.000276569
0.000195879
5.5886e-05
0.000292644
0.000128244
0.000136513
0.00022664
0.000143465
0.000279988
0.000276754
0.000286309
7.9863e-05
0.000230321
7.3456e-05
0.000177562
0.00029301
0.000374479
0.00034863
0.000314741
0.000148798
0.000204085
3.3017e-05
0.000312132
0.000243441
0.000224694
0.000146889
0.000406962
0.000332952
0.000326299
0.000676161
0.000499659
0.000207425
0.000346361
0.000482875
0.000205645
5.2846e-05
0.000109552
6.9588e-05
0.000329993
0.000238162
8.2952e-05
0.000140837
0.000149343
2.3503e-05
0.000352476
0.000315741
0.000787645
0.000634757
0.000469457
0.000566891
8.6117e-05
0.000282127
0.000111854
8.1725e-05
0.000240548
0.00063331
0.0007113
0.000896696
0.000417731
0.000281329
0.0002835
0.000514757
0.000656721
0.000341897
0.000776755
0.000640942
0.000310929
0.00065739
0.000400462
0.000218642
0.000315424
0.000770871
0.000208057
8.1385e-05
0.000833703
0.000727744
0.000336871
0.000426157
0.000308425
0.000210402
0.000342854
0.000565796
0.000117005
6.8948e-05
0.000559493
0.000250909
0.000851537
0.000323798
0.000119452
0.000412035
0.00035261
0.000394439
0.0004385
0.000156597
0.000162871
0.000353608
5.9439e-05
0.000763445
0.000217767
0.000590108
0.000235899
0.00032016
0.000568809
0.000363542
6.8795e-05
7.0791e-05
0.000538801
0.000437028
0.000338148
0.000168703
0.000120459
0.000483107
0.000153501
0.000796456
7.9905e-05
0.000349295
0.000276418
0.000239938
8.588e-05
0.000536444
0.000849451
7.9692e-05
0.000243748
0.000824878
0.000418677
0.000516677
0.00123144
0.00103892
0.00078399
0.000810733
0.00046349
0.000328139
0.000475174
0.000318796
0.000926225
0.000397939
0.000536773
0.000349534
7.2067e-05
0.000959425
0.00024927
0.000261449
0.000379228
0.000606359
0.000127974
0.000347105
0.000711119
0.000851248
0.00124242
0.000574565
0.00149746
0.00157071
0.00148217
0.000251653
0.00104867
0.000636305
0.00138414
0.00189591
0.000323384
0.00113756
0.00131898
0.00116767
0.000281783
0.000746523
0.000158744
0.000926527
0.000569778
0.000161207
0.00144816
0.00117157
0.000491877
0.000189062
0.00129011
0.00118674
0.000687605
0.00108519
0.00076336
0.000157653
0.00120719
0.000564881
0.00103539
0.000923425
0.000745979
0.000684217
0.000195519
0.000502312
0.000895981
0.000100029
0.000910245
0.000569042
0.00211621
0.00104934
0.00116038
0.000398161
0.00122383
0.000741148
0.000102895
0.000181018
0.000952264
0.000668714
0.00104813
0.000968844
0.00120364
0.000606133
0.00134275
0.000755733
0.000357738
0.000243437
0.0011919
0.000162502
0.000856411
0.000101157
0.000161681
0.000557471
0.000602616
0.000543359
0.000691683
0.000765395
0.000880895
0.00082517
0.000210166
0.000250519
0.000329961
0.00171254
9.7531e-05
0.000359166
0.000589383
0.00039867
0.000340118
0.000608411
0.00108431
0.000496436
0.000936241
0.00189934
0.000454874
0.000747111
0.00159569
0.000100671
0.00131893
0.000778569
0.00135939
0.00160788
0.000125578
0.000383764
0.000262706
0.00138715
0.00161122
0.00174297
0.00101474
0.00036656
0.00254064
0.00268415
0.00133601
0.00206039
0.000478059
0.00093147
0.0008379
0.000576978
0.00213276
0.000768044
0.00300886
0.00332794
0.00294512
0.000653133
0.00037577
0.00185772
0.000852287
0.00251158
0.00314202
0.000654611
0.000374894
0.00423172
0.00367014
0.000866835
0.00157722
0.00139109
0.00099033
0.000730259
0.00197278
0.00273509
0.00295192
0.00123235
0.000251809
0.00354677
0.000757494
0.000942065
0.00160077
0.00143351
0.00118062
0.000536148
0.0016182
0.000974205
0.00296266
0.00231631
0.00384869
0.00204053
0.00272458
0.00165321
0.00284725
0.00134979
0.00247486
0.00238808
0.000347793
0.00248307
0.000883097
0.00288484
0.00207025
0.000947769
0.00144338
0.00318967
0.000605057
0.00343193
0.000385489
0.000841994
0.000355165
0.00280751
0.000749985
0.00264773
0.000709711
0.00328777
0.0031976
0.00160277
0.00166955
0.000218147
0.00123373
0.00218062
0.00200918
0.0014294
0.00167896
0.00192678
0.000721685
0.00108715
0.000588978
0.00308959
0.000506182
0.000529426
0.00217698
0.00121939
0.00242874
0.00119396
0.00190748
0.00213644
0.00166443
0.000639364
0.000329067
0.000876742
0.00113895
0.00394305
0.00483072
0.00122224
0.000507052
0.000864893
0.000544929
0.00314615
0.00395993
0.00153979
0.00168595
0.0039982
0.00117626
0.00151883
0.00443853
0.00351442
0.00345524
0.00266937
0.0058425
0.00437341
0.00122005
0.00182401
0.00128693
0.000396202
0.00393103
0.00708284
0.00155887
0.000556446
0.00380232
0.00144301
0.00493344
0.000528492
0.00192125
0.00103236
0.00181413
0.00393666
0.00112428
0.000929869
0.00125329
0.0036538
0.0015709
0.0051113
0.00273005
0.000677141
0.000513233
0.000521505
0.00146061
0.0033495
0.00631415
0.000546975
0.00114647
0.00540221
0.0052481
0.00537075
0.00178238
0.00574889
0.000442201
0.00517953
0.00127783
0.00547808
0.00179708
0.0030013
0.00782841
0.00100436
0.00504183
0.00549986
0.000825795
0.00605079
0.0023155
0.0055477
0.0070586
0.000917068
0.00343649
0.00272645
0.00182151
0.00136618
0.00194437
0.00153619
0.00103156
0.00636085
0.00145636
0.00230069
0.00204499
0.00160151
0.00562813
0.00310771
0.00154809
0.000851699
0.00478955
0.00972988
0.00219138
0.00220244
0.00469379
0.00113501
0.00255449
0.00191107
0.00127189
0.00138948
0.0064468
0.0018642
0.00488594
0.00658526
0.00394166
0.0135467
0.00104066
0.00780904
0.0140002
0.00182649
0.00783925
0.00870995
0.000927216
0.00526708
0.00237789
0.00754023
0.0134745
0.00682117
0.0109148
0.00751744
0.00663555
0.00948483
0.00123744
0.00951919
0.00340771
0.00306269
0.0131264
0.00431516
0.0083916
0.00233493
0.0140201
0.011433
0.00105473
0.00187293
0.0061801
0.00189896
0.0038097
0.0111917
0.00522439
0.00230746
0.0104449
0.00754388
0.00479696
0.0101671
0.00240558
0.00412439
0.0118392
0.0123755
0.0023218
0.00335106
0.00258062
0.00146565
0.00301267
0.00455231
0.00995017
0.00325158
0.00690064
0.00844994
0.00248658
0.0105793
0.0133613
0.00875272
0.00595703
0.0096357
0.00670127
0.0015282
0.00151856
0.00306614
0.0100254
0.000965608
0.0110804
0.012562
0.00853776
0.0139666
0.00412506
0.0114342
0.00667459
0.00118049
0.00713504
0.00262791
0.0122224
0.00128017
0.00790771
0.00181829
0.0047923
0.0121249
0.010819
0.0189975
0.00766988
0.00595164
0.0106276
0.00526394
0.00168301
0.00570467
0.0125979
0.0114288
0.0105463
0.00145662
0.00975232
0.00297169
0.0092869
0.00291697
0.0166922
0.0226393
0.0152613
0.00504363
0.0222108
0.00157586
0.0152116
0.0133912
0.00711744
0.00990122
0.00850411
0.0196306
0.0123886
0.00745608
0.0286987
0.0270913
0.0218824
0.0123357
0.0288131
0.0149485
0.00270473
0.00783547
0.0165445
0.00797745
0.0212146
0.0201067
0.0116171
0.0070823
0.0249076
0.0292306
0.0138037
0.0208332
0.0181745
0.00861099
0.0192396
0.0116342
0.0300696
0.0204902
0.00625778
0.00156449
0.0100547
0.0260559
0.00475467
0.0217307
0.0120274
0.00929617
0.0124536
0.00186297
0.0135152
0.00586277
0.0154526
0.00386157
0.0079991
0.0184994
0.00955567
0.00997443
0.0175966
0.01739
0.00414189
0.0174238
0.0252296
0.00790543
0.00955592
0.0144011
0.00791002
0.00927052
0.0151874
0.0155425
0.0212631
0.00419544
0.0249135
0.00561961
0.00335623
0.00396221
0.00505768
0.0134032
0.0105896
0.0154413
0.0232193
0.0186648
0.015281
0.0175565
0.00237804
0.0215281
0.00729949
0.0140029
0.00442452
0.0017254
0.00728196
0.016143
0.00344141
0.00771143
0.008364
0.029172
0.0106456
0.0151762
0.0142812
0.00452057
0.00984752
0.031013
0.0317161
0.0525338
0.0168592
0.037583
0.0198576
0.0477409
0.016629
0.040058
0.0156082
0.0474307
0.0197592
0.0229912
0.0335681
0.0133924
0.0139735
0.0189799
0.0118297
0.0163063
0.0530405
0.0112017
0.0155417
0.00915798
0.0547402
0.0116709
0.0394979
0.0226639
0.0474097
0.018889
0.0319898
0.013229
0.0338268
0.034085
0.0101657
0.0514603
0.0121558
0.0089156
0.0147675
0.0234887
0.0336877
0.0187296
0.0474497
0.0373115
0.0524251
0.0226235
0.0330532
0.026962
0.0481907
0.0331627
0.0534026
0.0310312
0.0442777
0.0104647
0.0328121
0.0305771
0.014236
0.0111441
0.049756
0.0527449
0.0553563
0.040897
0.0177442
0.0253023
0.0207278
0.00431923
0.0458862
0.0598194
0.0203114
0.0269413
0.00660783
0.00667208
0.0300385
0.021318
0.00640868
0.0515944
0.00358946
0.00723875
0.0054377
0.00394877
0.018756
0.051603
0.0364956
0.0114984
0.0619111
0.0212247
0.0174136
0.0229111
0.0367811
0.0559949
0.0103833
0.0100622
0.0145788
0.0332188
0.0203364
0.0521076
0.0408331
0.0106695
0.0110236
0.0440804
0.00354707
0.0320941
0.0550791
0.0820224
0.101134
0.0621212
0.0800313
0.0586468
0.0161706
0.0275283
0.107421
0.0849829
0.0110723
0.0152437
0.0520335
0.0621288
0.0514348
0.0620464
0.066216
0.0352241
0.0829356
0.0712343
0.100475
0.0330064
0.0292383
0.0945247
0.0396409
0.0572236
0.0374551
0.0331897
0.0627419
0.0855034
0.0572106
0.0154445
0.043386
0.0329047
0.01111
0.0750391
0.049551
0.0177001
0.0653566
0.061301
0.112549
0.0396753
0.10382
0.0704271
0.0232509
0.0320245
0.00643319
0.0351935
0.00747503
0.0110257
0.0569712
0.0891456
0.0689085
0.0367288
0.081306
0.0268884
0.0362004
0.0362956
0.0404403
0.0134101
0.0280837
0.0585829
0.0540932
0.0391428
0.0200278
0.0762611
0.0151315
0.0696063
0.0720947
0.0199738
0.0271064
0.0442907
0.0164951
0.0948021
0.0794605
0.0766966
0.0235624
0.0131835
0.0136731
0.104992
0.0453721
0.0189247
0.0430893
0.0767218
0.0176037
0.0647689
0.041922
0.0640559
0.0131721
0.0224423
0.110196
0.0889312
0.0070696
0.100591
0.0822963
0.0432895
0.0841905
0.0613519
0.102925
0.0433998
0.0545656
0.126076
0.126067
0.150458
0.123207
0.128782
0.201735
0.151197
0.165219
0.188546
0.0963251
0.0818853
0.141378
0.123955
0.155468
0.133708
0.0430208
0.159875
0.061588
0.144061
0.119111
0.0435001
0.133827
0.0739916
0.0664902
0.118783
0.124342
0.20082
0.132043
0.0560646
0.18195
0.039888
0.107305
0.0323537
0.107283
0.169063
0.110727
0.152151
0.0810383
0.0566958
0.037716
0.164541
0.240993
0.0440999
0.0399722
0.0232364
0.189801
0.0383895
0.0891265
0.0696001
0.0826405
0.0771773
0.106905
0.149422
0.024819
0.177456
0.0890007
0.0526727
0.170244
0.17898
0.023381
0.208686
0.0979694
0.0434036
0.0975532
0.181535
0.19001
0.0265223
0.167318
0.216124
0.0717464
0.210724
0.015883
0.218487
0.176803
0.0899922
0.0948337
0.140079
0.11532
0.164852
0.170911
0.182177
0.161829
0.0880979
0.127165
0.148181
0.166113
0.176766
0.201714
0.12056
0.121393
0.107005
0.146104
0.110097
0.067712
0.0971319
0.0833961
0.106709
0.127727
0.0506447
0.282146
0.189254
0.113664
0.282674
0.174625
0.141378
0.138235
0.0460396
0.160154
0.0999096
0.279876
0.190788
0.348962
0.332848
0.435284
0.0632856
0.177133
0.238422
0.184304
0.163815
0.131025
0.219128
0.292584
0.317166
0.0799552
0.0459675
0.463875
0.0336801
0.302245
0.0988545
0.303974
0.296277
0.326065
0.174737
0.388088
0.177584
0.0547963
0.11407
0.0677608
0.439459
0.290833
0.0713498
0.404886
0.113322
0.285381
0.399966
0.336915
0.110837
0.127443
0.0388366
0.118799
0.241813
0.162343
0.175079
0.243592
0.316531
0.0739329
0.0480483
0.130142
0.10905
0.0915394
0.170176
0.0932993
0.181517
0.357899
0.324334
0.369202
0.058935
0.0636702
0.095131
0.298724
0.0308805
0.139122
0.052765
0.294855
0.0598404
0.0878426
0.156501
0.27258
0.240355
0.343736
0.337701
0.136789
0.345176
0.0622743
0.228949
0.350569
0.15598
0.174019
0.192078
0.266468
0.180296
0.0458685
0.120591
0.0961379
0.20839
0.345705
0.347746
0.221239
0.349425
0.247057
0.61785
0.390311
0.254634
0.478451
0.200122
0.718019
0.647538
0.28255
0.579054
0.189698
0.413457
0.823538
0.343698
0.0562219
0.950945
0.471773
0.591825
0.322059
0.588976
0.487211
0.632502
0.740434
0.137804
0.446429
0.611143
0.679851
0.311903
0.22021
0.495965
0.723807
0.648019
0.0981915
0.226874
0.449374
0.306797
0.111554
0.227379
0.49309
0.123628
0.460386
0.205739
0.389532
0.101779
0.0632798
0.667686
0.535381
0.115406
0.378345
0.471463
0.742547
0.675416
0.614282
0.413694
0.70116
0.730402
0.362389
0.642805
0.0692143
0.113417
0.0928107
0.0778844
0.151376
0.0811868
0.33972
0.712948
0.280831
0.759285
0.552193
0.467402
0.206869
0.203654
0.116292
0.121788
0.43356
0.669631
0.156827
0.669299
0.119666
0.252203
0.341945
0.176109
0.446394
0.297573
0.13106
0.645095
0.499224
0.0918961
0.868549
0.517417
0.126373
0.423567
0.552759
0.137724
0.443375
0.779726
0.242877
0.213642
0.106471
0.0760609
1.05721
1.4105
1.11523
0.380989
1.36939
0.3166
0.476387
1.15057
1.33624
0.465915
1.01745
0.961379
0.915712
0.652364
0.831379
1.83556
0.410969
0.89132
0.411693
0.196019
0.718251
1.17393
1.28999
0.166596
0.665039
1.25901
0.79864
1.30236
1.45619
0.245907
0.945792
0.510052
0.255814
0.897457
0.837994
1.16826
0.578383
1.08624
0.917197
0.807454
0.479256
0.385725
0.977701
1.14074
0.707826
0.194022
0.180821
0.687108
0.647613
0.189113
0.11192
1.07466
0.300641
0.666283
0.872207
1.58457
0.806741
0.675483
0.940614
1.39202
0.114662
1.02336
1.11177
1.32435
0.128359
1.11521
0.879738
0.448559
0.361299
1.38137
0.652137
0.303699
1.0519
1.48603
0.413975
0.318909
0.221722
0.183598
1.06013
0.495452
1.76095
1.31408
0.912654
1.17956
0.35383
0.961439
0.696553
0.271878
1.24575
0.110537
0.559016
0.335123
0.830505
0.345236
0.572387
1.23949
1.05814
1.09986
0.784164
1.2317
2.49983
1.17605
2.12555
1.83574
1.63549
1.55686
0.795256
0.220219
1.11133
0.635446
1.94586
2.96875
3.0302
1.22506
2.11462
1.04455
0.382035
1.37658
2.86633
1.53904
1.6335
0.862812
3.08566
2.07328
2.10266
1.65069
3.66052
1.88688
3.25402
0.470334
2.10083
1.84904
0.301412
2.50947
1.4465
1.76803
1.07468
1.83877
2.00049
1.6248
2.58243
0.740883
0.407962
0.217758
2.22935
0.776557
2.99966
0.978812
2.9137
0.701249
0.355509
3.13262
1.03456
1.71281
2.56059
0.618686
3.3599
1.91018
1.9766
2.86115
2.87972
2.14538
3.32926
1.64099
2.11445
1.15418
2.30709
0.618556
1.07079
1.07413
1.86664
1.25566
1.35605
2.20414
2.44935
0.395131
0.225608
2.61041
0.256306
0.607686
0.975475
0.239247
2.47624
2.64766
0.916081
1.82495
2.12044
0.658964
2.3404
2.39548
1.76125
0.821573
0.229801
1.62517
3.14706
0.766728
2.64989
3.1274
0.980136
1.17251
0.453974
0.790295
3.45818
3.43649
0.592475
3.78867
5.70996
4.46664
1.64712
1.02691
5.06465
3.08892
6.31634
4.28092
0.774211
3.12276
4.6709
1.05248
6.03543
0.887578
3.91138
3.93657
2.72494
1.40876
3.43931
0.93365
2.40043
7.10617
4.88016
2.32028
2.93602
5.42589
1.77782
0.762784
0.623271
1.62757
0.709749
4.67804
1.9817
3.59627
2.40483
2.50456
6.48911
5.90898
6.91214
1.72638
4.42647
1.60569
3.58221
0.451879
6.5338
2.94196
4.11321
1.94774
5.84621
5.38559
3.16677
4.03931
2.97631
2.88662
2.33209
1.79873
5.20718
2.50991
2.38146
0.451766
5.54647
0.619095
0.756752
4.03386
4.66718
4.28986
1.17864
0.445408
1.12747
1.56282
1.81255
0.714567
1.00925
0.598567
1.17095
5.58607
4.28474
4.009
2.90953
2.13966
0.730216
3.19273
3.96492
6.38729
2.68826
3.72582
3.51801
2.21514
5.83046
4.90047
3.44526
2.94863
7.30621
2.45748
3.18161
9.07574
9.18484
4.41373
4.07235
3.47401
1.56934
4.98075
6.66199
3.0654
4.79878
4.09103
7.61944
1.48937
4.46553
7.64704
5.06814
12.5489
10.1233
7.12861
0.901065
5.48931
2.98137
9.21982
5.9861
5.81687
8.2986
7.44711
9.53568
6.25723
0.895635
3.53473
6.31148
4.21432
6.53033
1.20163
0.88121
4.9889
11.881
4.81599
10.0553
4.58835
1.44308
10.086
11.5211
2.91762
8.64039
6.36682
13.9439
10.3045
4.0304
1.77867
11.3369
9.99929
9.92139
3.5094
0.951042
11.0333
3.59856
5.86736
7.8034
5.45402
4.17934
1.76108
5.96948
5.90581
11.6538
7.30168
2.9231
5.03012
2.62372
6.4765
10.4105
10.2562
0.929593
8.3343
3.0227
10.8296
7.40318
6.3703
5.7513
4.37844
7.62195
0.894928
10.6612
11.2866
5.07686
3.19065
9.36562
10.1785
4.64467
1.17666
10.4882
5.28101
6.09539
6.24068
8.61423
10.3021
2.18625
5.5214
10.2071
2.38329
13.7703
6.45466
3.70259
13.5526
20.1321
22.6402
10.0061
8.65851
4.08297
12.8362
4.92422
10.7697
4.45749
4.06653
3.07992
10.9637
12.3837
13.6019
25.8559
2.35786
4.56627
5.75065
11.2158
8.39747
15.7105
2.34156
22.6713
5.25195
8.9548
5.02283
16.0244
5.16834
3.56515
10.6593
18.9905
24.3909
15.2996
18.9671
14.7476
9.99296
4.73535
25.1866
8.41881
14.6221
13.7219
6.07021
26.6326
26.6286
25.9917
2.37066
3.03556
6.76973
4.33549
10.3032
16.332
19.1322
16.6396
15.0351
6.55939
3.14614
8.0706
2.4935
20.748
13.4098
4.22808
25.5282
18.2663
12.5704
1.689
6.03024
8.68141
11.3685
2.42333
17.467
1.6241
4.15411
5.69918
13.7479
4.58237
12.9
12.3807
9.82548
12.9504
3.54163
10.6522
7.51602
17.5892
3.54206
10.4499
3.99728
15.2771
9.98684
9.05433
20.9435
15.5729
22.2744
11.6963
7.75912
14.7323
42.8411
47.2402
6.0162
17.5201
8.94621
32.3955
40.6379
22.6
27.6315
14.7122
9.62548
29.5725
20.3818
15.0331
25.0265
27.8967
8.66896
32.6049
11.4189
22.9766
25.2014
11.8229
25.1052
18.4362
45.63
31.2008
52.3102
7.44224
27.2923
12.7361
5.1203
27.7433
24.1701
10.0335
18.8402
14.1125
38.6651
4.27639
11.7757
45.554
15.3642
36.5919
52.1303
12.0969
33.4229
44.1266
16.0158
14.1427
8.39956
8.07657
27.5054
23.9273
14.4983
10.5532
42.6303
39.7622
21.3844
18.6386
28.5128
32.1257
24.5788
43.624
46.079
9.46681
24.0895
30.0809
11.5316
51.9095
50.4794
42.8795
37.557
7.96925
49.7379
12.6155
47.038
8.24912
27.2882
27.5708
54.0022
56.2476
16.3162
26.9867
30.9714
29.9448
22.4129
42.8127
14.8477
27.1253
59.0995
12.7803
23.823
23.3087
46.7441
13.2043
24.9231
21.8643
49.8991
20.9952
37.0563
70.1965
12.3133
13.9687
12.5393
31.4557
69.1309
97.0271
32.8488
68.1653
20.0344
48.9382
29.0586
86.062
77.6838
13.054
43.9411
24.0926
58.6076
98.5424
55.4715
69.2649
58.7819
96.7154
71.7454
36.3992
45.3972
92.5931
100.258
98.3667
93.2063
60.5502
42.1821
62.8441
67.3332
52.4397
48.9506
70.7356
116.225
41.5878
30.6727
99.25
16.2054
103.047
91.5722
113.243
51.2999
34.3524
66.6233
45.8234
37.5858
18.2052
18.1787
38.887
42.2514
87.7472
68.206
35.4171
94.8991
58.8142
18.8972
96.2818
36.5757
25.8324
36.7664
83.9813
79.5863
44.2961
65.0045
25.3176
35.8674
29.3788
43.7665
98.5094
87.1373
40.1175
45.732
61.4536
15.6993
36.089
44.0556
32.3457
47.2409
47.6134
10.2228
94.4874
30.3103
12.8396
29.4925
42.7244
65.0164
14.9676
7.94843
10.2993
13.6646
15.1744
25.6152
45.7513
10.5986
21.1626
36.7368
135.971
110.033
155.625
79.555
99.311
59.0965
63.8412
48.7301
26.8692
71.0795
118.198
45.2403
69.2756
92.1321
109.896
124.249
35.4497
61.0741
93.9623
117.305
128.392
59.6294
196.421
26.2424
94.191
65.6703
17.79
37.1595
67.0188
174.383
61.7687
126.202
87.8485
70.3419
14.4199
50.3798
192.384
112.864
35.364
49.5002
37.6866
67.4386
76.7464
121.324
13.3698
165.733
112.055
54.6366
83.0593
118.104
126.23
50.1262
45.318
159.968
43.6416
102.792
213.421
166.992
151.579
160.41
97.4233
219.562
67.4484
35.9852
142.961
137.133
177.311
170.574
62.1312
98.8727
211.038
192.325
179.402
32.5877
64.3532
84.6588
88.4016
63.0465
38.7081
75.2192
134.391
41.5074
117.078
34.3538
163.429
202.663
51.7113
30.927
156.183
122.84
156.327
40.3452
157.658
234.49
145.708
63.1788
16.6509
144.945
111.31
91.1397
