0.00017954
0.000125641
0.000153501
4.0802e-05
3.434e-06
7.722e-05
5.1312e-05
9.836e-06
0.000150986
4.1894e-05
9.094e-05
7.2667e-05
2.6119e-05
2.6319e-05
0.000178149
8.78e-06
2.6726e-05
4.755e-05
6.23e-06
7.4588e-05
8.714e-06
2.2311e-05
0.000155361
6.3765e-05
1.2625e-05
0.000143457
0.000152686
9.9389e-05
5.26e-06
1.9215e-05
7.7275e-05
7.7274e-05
0.00011614
2.2644e-05
3.251e-06
0.000108007
0.000116306
2.6954e-05
0.000163171
0.000193145
0.000125202
0.000209516
7.9444e-05
9.7864e-05
3.518e-06
0.000167929
7.1837e-05
3.259e-06
0.000176537
1.5955e-05
0.000189661
9.3069e-05
9.4038e-05
7.1765e-05
0.000118217
0.000204013
0.000109219
9.4136e-05
4.0671e-05
7.441e-06
5.31e-06
4.5938e-05
9.5288e-05
0.000107474
7.7349e-05
5.7033e-05
1.9342e-05
5.1572e-05
0.000144007
0.000116721
1.2799e-05
0.000143485
3.386e-06
0.000190425
3.1631e-05
3.969e-06
2.2708e-05
1.5811e-05
5.7524e-05
0.000144995
0.000143949
0.000188178
0.00011189
2.2759e-05
0.000191188
3.5228e-05
1.2465e-05
0.000120953
1.81e-05
5.4558e-05
0.00019252
0.000125477
0.000183392
9.953e-06
4.6237e-05
4.4819e-05
5.1165e-05
0.000194686
4.4727e-05
7.4829e-05
3.458e-05
7.9074e-05
4.2496e-05
0.000249076
0.000199475
1.6693e-05
0.000259724
0.000315322
0.000295623
3.0826e-05
0.000133298
2.0445e-05
0.000504312
0.000266326
3.7012e-05
0.000505102
2.1191e-05
0.000404343
0.000519721
0.000397624
0.000227949
2.2565e-05
0.00012755
0.000158105
0.000183185
1.1053e-05
0.00024861
6.7198e-05
0.000207097
0.000452512
0.000159208
9.554e-06
7.9095e-05
0.000240477
4.8203e-05
0.000162401
0.000220826
5.3754e-05
0.000211913
0.000312575
0.000189523
0.000190828
0.000343626
4.8349e-05
0.000343037
3.4934e-05
0.000121285
7.2488e-05
2.3578e-05
1.9533e-05
0.000113187
0.000147437
4.2642e-05
0.000149362
0.000182749
0.000334792
0.00011341
0.000134569
4.0424e-05
0.000130004
0.000203288
0.000126077
0.000201157
0.000129989
6.7316e-05
7.1386e-05
5.9896e-05
2.8184e-05
0.000208795
7.765e-06
0.000193154
2.1338e-05
7.797e-06
0.000195232
5.162e-05
0.000141428
5.338e-05
2.0687e-05
0.000207436
0.000139793
0.000290712
2.9552e-05
0.00010087
7.7242e-05
2.8703e-05
0.000266368
0.000213362
0.000216096
0.000347754
0.000211801
0.000259818
6.3246e-05
0.000101414
0.000195322
6.869e-06
0.000252764
0.000169026
0.000254174
6.085e-05
0.000323615
0.000261499
6.1318e-05
0.000455669
0.000293932
2.4367e-05
0.000587072
2.1239e-05
0.000831039
0.000739314
0.000123807
0.000666178
0.000414873
0.000174899
0.000571368
1.993e-05
0.000321567
0.000451372
0.000521613
0.000134658
5.0245e-05
0.0004671
0.000621464
0.000123686
2.0799e-05
8.225e-05
0.000359311
0.000380734
8.0889e-05
0.000442603
0.000303473
0.000293263
1.5082e-05
0.000336604
8.1784e-05
7.5152e-05
0.000183534
1.4189e-05
0.000581484
0.000425416
0.000114713
7.597e-05
0.00032241
0.000380751
0.000117876
0.000562655
5.4001e-05
0.00032234
0.000124408
0.000216795
6.2672e-05
0.000475255
8.3227e-05
0.000322802
3.1273e-05
0.000279579
0.000332414
0.00012132
9.7575e-05
6.5714e-05
0.000367696
2.5725e-05
0.000304423
2.9481e-05
1.666e-05
0.000428008
3.545e-05
6.2839e-05
0.000116195
1.4337e-05
7.2625e-05
0.00013223
3.279e-05
2.0339e-05
7.8681e-05
0.000243346
2.463e-05
0.000228271
1.9974e-05
0.00026539
2.0277e-05
2.1252e-05
0.000169193
7.3234e-05
0.000186873
0.000527165
3.3031e-05
0.000590269
2.4918e-05
0.00049871
5.6382e-05
0.000182685
0.000327799
4.0987e-05
3.5586e-05
0.000153729
0.000212463
5.0739e-05
2.1448e-05
0.000343252
0.000245462
0.000370888
0.000113071
0.000456973
4.1022e-05
6.7481e-05
0.000159271
4.1578e-05
0.000528507
0.000565014
7.6939e-05
0.000324404
0.000227125
0.000273992
0.000781394
0.000133569
0.000627387
0.000674885
0.000225797
0.000143906
4.8085e-05
0.000833042
0.000160243
5.6379e-05
0.000246122
0.00102891
0.000218167
0.000381708
0.000267498
0.00088192
0.000185108
0.00038043
0.000579759
0.000174972
0.000718841
0.000754269
8.9296e-05
0.000198383
3.2648e-05
0.000244997
5.399e-05
3.4704e-05
0.000187124
0.00101848
0.000928611
0.0011697
0.00117137
0.000318722
0.00117262
0.000366688
6.725e-05
9.231e-05
3.8436e-05
0.000659782
0.000585026
0.000379334
0.000503862
0.000392549
0.000707427
0.000335904
0.000307533
0.000441001
8.8687e-05
5.4198e-05
0.000111988
0.000334765
0.000797326
0.000468107
0.000785811
8.9314e-05
0.000637345
0.000258747
0.000333984
0.000220799
0.00110326
0.00130157
4.6843e-05
0.000683535
7.9241e-05
0.000577153
0.000169808
0.000112842
0.00116031
0.000521096
0.000246907
0.000598456
6.5386e-05
0.00106378
0.000269517
0.000787994
0.00054772
8.4991e-05
0.000920807
0.000221841
0.000788348
9.4224e-05
0.000358899
0.000769902
0.000522435
0.000400664
0.00141915
0.00156798
0.000717775
0.00125781
0.00236834
0.000933868
0.000346551
0.000266663
0.000337739
0.00141697
0.000119111
0.00241167
0.000303193
0.00167864
0.000932236
0.000191968
0.00113346
0.00018248
0.00161944
0.000514577
6.0959e-05
0.00104431
0.00169287
0.000375639
0.00114813
0.00116059
0.00028857
0.00112301
0.000852332
0.00077498
0.0010002
0.00025607
0.00122871
0.00055907
0.00152078
0.000534474
0.00133987
0.000467111
0.0012423
0.000965109
0.00128544
0.000935829
0.000789017
0.000150909
0.000162868
0.000217551
0.000697995
0.000174223
0.00127013
0.00168216
0.000384223
0.00038322
0.000349388
0.00051094
0.000728754
0.000277166
0.00164899
0.000864248
0.00151292
0.00123582
0.000287947
0.00123787
0.00062675
0.000105999
0.00080962
0.000596795
0.000339103
0.00066924
0.00074273
0.000463038
0.00138645
0.00100744
0.0014253
6.3154e-05
0.00063902
5.5474e-05
0.000908222
8.7199e-05
0.00151912
0.000209337
0.00029903
0.0030198
0.00109026
0.00136684
0.000818517
0.00089939
0.00123134
0.000457556
0.00165096
6.1688e-05
0.000470867
0.000176472
0.000198555
0.000453745
0.00136154
0.000259252
0.000286074
0.000955081
0.000551234
0.00109349
0.000970942
0.000406438
0.00297998
0.00329717
0.00256642
0.000685024
0.00136345
0.000565462
0.00287829
0.00270903
0.000224171
0.00135357
0.000547322
0.00124693
0.00309314
0.00262936
0.00188854
0.000415285
0.00466687
0.00457173
0.000423026
0.000143497
0.00123589
0.00300737
0.000957319
0.00228698
0.00104998
0.00489558
0.0024555
0.00137864
0.000377508
0.000393661
0.000701562
0.00129519
0.00207755
0.00050363
0.00322535
0.00302727
0.000514307
0.000957377
0.000306364
0.0023552
0.00104075
0.00318321
0.000520384
0.000477444
0.00294202
0.00237289
0.00118818
0.000702238
0.00022063
0.000641204
0.000287369
0.00232801
0.000496828
0.00227773
0.00282352
0.0015508
0.000356099
0.00167561
0.00102336
0.000923992
0.000839107
0.00212597
0.000365733
0.000959267
0.00217538
0.00371005
0.0019571
0.00146264
0.00145909
0.000600817
0.000574403
0.000860844
0.000235701
0.00137459
0.0010444
0.00101234
0.000229439
0.000904026
0.00239166
0.0013872
0.000812206
0.00188952
0.00170377
0.00292055
0.00143531
0.00225832
0.000665273
0.00095799
0.000208486
0.00262268
0.000771956
0.000270845
0.00298987
0.00245744
0.00038478
0.00134738
0.00012287
0.00125331
0.0020811
0.00382524
0.00183036
0.00370226
0.00399556
0.00446683
0.000267832
0.000701275
0.00402496
0.000240874
0.000879922
0.00491356
0.00361598
0.00489921
0.00159708
0.00124396
0.000361044
0.000824954
0.000424084
0.00055205
0.0020134
0.00202946
0.00143156
0.00431597
0.000763738
0.00352427
0.00236613
0.00525604
0.00324896
0.00346926
0.00654043
0.000457639
0.00678334
0.00299821
0.00130895
0.0029077
0.00263846
0.000724168
0.00153033
0.00591031
0.00469215
0.00195868
0.000933079
0.000765826
0.00748344
0.00029069
0.00341622
0.00177073
0.00424588
0.00275439
0.00571756
0.00383992
0.00329649
0.00170804
0.00514392
0.000445569
0.00326526
0.00137261
0.00105984
0.00299859
0.00061842
0.00273459
0.00236829
0.000634017
0.00814536
0.00148347
0.00527057
0.00603653
0.00819845
0.00388236
0.00349897
0.00241857
0.00250976
0.00057826
0.00451216
0.00146743
0.000549252
0.00025139
0.00470863
0.000329684
0.00612214
0.000685752
0.00376962
0.00256407
0.000543034
0.00742786
0.000774458
0.000268252
0.000647592
0.00207792
0.00504547
0.00566175
0.00350102
0.00248058
0.000835008
0.00617106
0.00495432
0.000691779
0.00214189
0.00186572
0.000782523
0.00888412
0.000912328
0.0105489
0.00413968
0.00445596
0.00207352
0.00073909
0.00634743
0.00694403
0.00146132
0.00888318
0.00448744
0.00288457
0.00292154
0.00881788
0.0082433
0.00359856
0.00522931
0.00795377
0.00571495
0.0119875
0.00279397
0.00467864
0.0125288
0.00308406
0.00615447
0.00101295
0.0085488
0.00442289
0.00113762
0.0123372
0.000459857
0.00122695
0.00897004
0.000615346
0.0090778
0.0025876
0.0025186
0.0116812
0.0048913
0.00056459
0.00117057
0.000822978
0.000788047
0.0113456
0.00662189
0.00991739
0.00268404
0.0036817
0.00123859
0.0132981
0.00141266
0.00291786
0.00045081
0.00181754
0.0021544
0.00643398
0.00721186
0.0070489
0.00988407
0.00426141
0.00524464
0.000790166
0.00244775
0.0125979
0.000897834
0.0103193
0.00109736
0.0108761
0.00457958
0.0103439
0.00610709
0.00975844
0.00269426
0.00147274
0.011336
0.0134369
0.000877076
0.00639218
0.00124467
0.000816472
0.00176718
0.00592363
0.00804336
0.00399695
0.000542208
0.00809037
0.00322473
0.00572464
0.00273966
0.00251546
0.00312506
0.00188854
0.00718327
0.00355071
0.001537
0.00187035
0.010697
0.00587565
0.00126766
0.0126049
0.00555758
0.019645
0.0219647
0.0117314
0.00789288
0.00343831
0.0112986
0.00131907
0.00182475
0.00576162
0.0263071
0.00152843
0.0117175
0.0206913
0.014259
0.0241349
0.0045461
0.00533369
0.0113757
0.0256899
0.00149811
0.0115492
0.0092516
0.00635536
0.00524381
0.00565577
0.0136443
0.0148843
0.00197625
0.0263133
0.00893364
0.0206555
0.0139695
0.00577864
0.00408087
0.0159113
0.0150537
0.000979385
0.018208
0.0105595
0.0107301
0.00305009
0.00668249
0.00521555
0.00627942
0.0169894
0.0182407
0.0137168
0.0132326
0.000973082
0.00653573
0.00417096
0.00473176
0.0235039
0.00663561
0.00535792
0.00986934
0.0113291
0.00321609
0.0179126
0.00277069
0.0220771
0.0083079
0.00895691
0.00692904
0.0190428
0.00978047
0.0144629
0.00309766
0.00446005
0.0079548
0.00703126
0.0107147
0.0114418
0.0227184
0.0193056
0.00827815
0.00448441
0.00940319
0.00663714
0.0178333
0.0016579
0.00452042
0.00154181
0.00383732
0.00511616
0.00418543
0.0129797
0.00777891
0.0195221
0.0232594
0.00980604
0.00907904
0.0137537
0.0090363
0.00619297
0.016277
0.00847045
0.0165572
0.00294523
0.0158361
0.0234314
0.034101
0.0170816
0.00465207
0.00515473
0.0177385
0.0370028
0.0147131
0.0266389
0.00913893
0.0218957
0.022328
0.0100436
0.0217302
0.0150462
0.0323389
0.0303819
0.0267349
0.00966116
0.00904187
0.0262534
0.00946816
0.00524661
0.0462377
0.00588749
0.0306802
0.0256842
0.00529285
0.015985
0.0084863
0.0284111
0.0286964
0.0134052
0.00532034
0.0281917
0.0137131
0.0341484
0.00659938
0.00313478
0.031889
0.00303919
0.016799
0.0182708
0.0391271
0.00532524
0.030181
0.0118348
0.0266963
0.00968945
0.0365862
0.0216969
0.030983
0.00705887
0.0046788
0.0118976
0.00403825
0.01409
0.00333612
0.0391874
0.00405392
0.0160141
0.00804049
0.0495625
0.0412093
0.0100578
0.00965818
0.0270763
0.00926928
0.00772777
0.00801582
0.0108089
0.0160516
0.0120393
0.0118889
0.0282583
0.0227561
0.00520156
0.0472597
0.0124289
0.026536
0.0124764
0.0468535
0.00419911
0.030929
0.0164653
0.0195924
0.018921
0.0254425
0.00185644
0.0387204
0.0201197
0.0190601
0.0364308
0.00285355
0.00573087
0.0106726
0.0242291
0.040778
0.0323232
0.0344029
0.0704387
0.013163
0.0339951
0.0535155
0.0129894
0.0289508
0.00968692
0.0306418
0.0462861
0.074941
0.0164983
0.0117988
0.0677798
0.0155706
0.020319
0.0124854
0.0248585
0.00384956
0.00568501
0.00346422
0.0173117
0.0492076
0.0294264
0.0246616
0.0388455
0.0802402
0.00714848
0.0884567
0.0706412
0.0292084
0.0340009
0.0229208
0.0617772
0.0201242
0.0451835
0.00400274
0.0136058
0.0258849
0.0797566
0.00423898
0.0828206
0.0459524
0.0102588
0.0158524
0.0110802
0.0407452
0.0289413
0.0365907
0.0561952
0.0581126
0.0246947
0.0610508
0.018882
0.0372015
0.0426596
0.0439245
0.0115315
0.0543272
0.012701
0.00990804
0.0140494
0.0360328
0.0688042
0.00490503
0.0203918
0.0715317
0.00655902
0.0376848
0.0895301
0.0333092
0.0180036
0.0857093
0.0255169
0.0467383
0.00391011
0.057631
0.0840654
0.00487849
0.0726883
0.0595196
0.0148393
0.0437724
0.00775152
0.0649685
0.00613938
0.0226051
0.074644
0.0403196
0.0130347
0.0339446
0.0216688
0.0361212
0.0520871
0.0134579
0.0192639
0.00863668
0.0118623
0.00586738
0.170483
0.0143164
0.0309358
0.103103
0.0686784
0.0789659
0.115868
0.0685618
0.075455
0.0469487
0.0123175
0.133978
0.0254371
0.0155591
0.0647413
0.0488586
0.0280641
0.0135856
0.117565
0.135253
0.0875482
0.0973343
0.0708425
0.0199535
0.128912
0.0448782
0.0567919
0.0158593
0.042337
0.0162095
0.0294904
0.0332791
0.0367926
0.0444914
0.0349913
0.0123459
0.0769465
0.0236182
0.0963488
0.0292722
0.034306
0.0365743
0.0363046
0.0794658
0.0919287
0.0564165
0.0728848
0.0138127
0.050528
0.0923239
0.118948
0.0226142
0.0531045
0.130364
0.0745116
0.0573787
0.0335187
0.00808533
0.0457425
0.0441422
0.10592
0.0177407
0.0740394
0.101009
0.164309
0.0536624
0.0474134
0.0716497
0.0162149
0.0611112
0.0557863
0.0430227
0.0330965
0.0237185
0.0290733
0.034065
0.0539109
0.118249
0.165477
0.0333701
0.0158827
0.109317
0.102614
0.164797
0.103383
0.0849868
0.102634
0.0178525
0.0711327
0.0163579
0.00971786
0.0971318
0.0277533
0.050865
0.0219813
0.0998469
0.140443
0.123537
0.0927547
0.0939874
0.0967032
0.0899967
0.166997
0.1015
0.0949582
0.23275
0.0541958
0.020635
0.0664457
0.0409381
0.0491478
0.23401
0.0296508
0.0541313
0.158921
0.111065
0.071475
0.20794
0.0906558
0.102497
0.09649
0.0278246
0.168056
0.0850396
0.193383
0.0856443
0.057878
0.0577431
0.0148417
0.163861
0.0851031
0.0911818
0.0390163
0.162133
0.0421474
0.168271
0.0162877
0.15601
0.0639839
0.130343
0.39587
0.0626892
0.10022
0.265204
0.127958
0.035489
0.138365
0.144929
0.115719
0.0266027
0.173125
0.226591
0.103345
0.0863674
0.197278
0.260105
0.0553763
0.144363
0.0302557
0.135633
0.0486537
0.101631
0.169009
0.081688
0.0597355
0.0839801
0.133271
0.143602
0.0274845
0.320871
0.0480392
0.0584812
0.239157
0.204272
0.052266
0.0169721
0.0535081
0.172313
0.0346709
0.0599723
0.0536517
0.367656
0.120961
0.0981385
0.20911
0.0911036
0.251291
0.344734
0.128506
0.0631252
0.049603
0.060131
0.0901992
0.121089
0.106601
0.169518
0.131501
0.169022
0.0949171
0.173194
0.436603
0.0931971
0.26676
0.313849
0.0968619
0.606038
0.34978
0.172661
0.0587629
0.160871
0.0635619
0.360873
0.5587
0.172648
0.082766
0.216515
0.191556
0.0685163
0.0889783
0.219398
0.159176
0.562796
0.392791
0.149024
0.137436
0.173646
0.529767
0.226603
0.0435096
0.274636
0.402621
0.362304
0.475317
0.345659
0.0295545
0.259869
0.267727
0.307255
0.0947746
0.0410631
0.180665
0.331305
0.496663
0.108662
0.16134
0.234558
0.385599
0.133249
0.464783
0.256441
0.64981
0.441486
0.0341054
0.544758
0.0841366
0.22879
0.0795928
0.0794542
0.321804
0.134391
0.428534
0.508982
0.314224
0.0513016
0.347138
0.280523
0.522261
0.422746
0.280682
0.432987
0.197242
0.333009
0.136432
0.559871
0.349984
0.06373
0.15905
0.105332
0.0726465
0.285876
0.226847
0.0711094
0.0304645
0.242549
0.393168
0.472193
0.386061
0.0818789
0.340855
0.173457
0.120714
0.429859
0.179245
0.316191
0.157496
0.089982
0.0730726
0.33753
0.383555
0.49238
0.71021
0.080518
0.581907
0.368499
0.0773322
1.54605
0.736345
1.16526
0.343441
1.28561
0.241984
0.52954
0.785745
0.423503
0.0902367
0.960429
0.230846
1.03264
0.437494
0.484678
0.136096
0.0603953
0.226546
0.859204
0.187852
0.855049
0.460031
0.441696
0.819243
0.531058
0.426556
0.867551
1.16538
0.510048
0.625411
0.758144
1.01715
0.790419
0.353063
0.17843
0.605289
0.152763
1.08152
0.0754762
0.529183
0.29235
0.635718
0.399145
0.656452
0.103009
0.630974
0.416824
0.426283
0.37382
0.689314
0.285366
0.726065
0.26945
0.632282
0.565433
1.43106
0.267327
0.982031
0.251659
0.870879
0.193457
0.493771
0.643929
0.934147
0.233698
0.275061
0.674949
0.463374
0.136022
0.153098
0.105966
0.789008
0.117605
0.337214
1.00081
0.295892
0.539791
0.161848
0.312642
0.531882
0.481211
0.607792
0.061809
0.630959
0.516932
0.547086
0.347027
0.143069
0.79949
0.0593093
1.20987
0.146547
0.981335
0.458188
0.107166
0.39261
0.658562
1.43524
1.59968
0.163263
1.24772
1.39883
2.31553
1.39462
1.02986
0.375441
1.21047
1.17296
0.274904
0.44277
0.679184
2.34488
0.161677
0.199222
1.70008
0.336547
1.56704
0.982693
1.48687
0.444927
1.90378
2.15367
0.944191
0.649018
1.07521
0.818394
1.05159
0.393517
1.10514
1.55075
0.449781
1.27293
0.779439
0.562416
0.866574
1.42761
1.92989
0.519658
0.161599
0.761268
1.96484
0.703747
0.456212
2.00698
1.07448
0.201331
2.07763
1.23514
0.929132
0.897786
0.946353
1.56749
1.71388
0.245601
0.23106
1.69922
1.99727
2.39468
1.16155
0.598288
1.4893
0.488538
0.488442
0.237485
0.771922
0.763703
1.26998
0.292407
1.31919
0.124975
0.20359
0.95468
0.162084
1.31802
1.61591
1.881
2.13914
1.01429
0.158934
2.26434
0.301751
0.309372
2.16343
1.84598
1.06075
0.237334
1.10724
0.599702
1.07915
0.414385
1.33746
1.85324
0.280941
1.33423
0.678091
3.02133
2.20169
1.48705
1.26368
0.810724
0.677182
0.420192
0.689957
2.12531
0.529738
2.04871
2.93688
4.20384
1.1431
0.527838
3.11187
0.602986
1.97921
3.73208
3.40113
3.93025
1.02671
0.920325
1.29668
0.906796
3.30007
1.06155
0.401239
0.607596
2.14217
1.00337
4.42335
1.35754
0.928696
2.06432
3.0414
1.2285
1.21632
1.4552
4.11343
0.240119
1.53518
2.4131
1.48851
1.71321
3.64628
0.342783
1.59728
2.65644
1.63369
2.93454
0.67712
0.879767
0.61978
1.37742
3.25029
2.35735
0.570292
2.10893
1.76849
3.79241
2.18589
0.679055
4.48756
2.71682
0.331507
0.464137
2.92028
3.32089
2.03013
0.675562
2.00717
0.241761
2.25655
4.06486
0.762987
0.576855
1.09041
1.32638
1.63079
2.7792
1.96208
0.393095
2.30143
1.34529
1.21423
2.59582
2.94203
2.28955
0.750332
0.970122
3.44133
1.82001
1.77941
3.32999
2.99047
0.500779
0.701891
0.260169
2.25937
2.14152
0.967149
2.63079
4.82938
1.7962
1.7154
6.43456
3.93452
6.34435
4.79344
2.79243
10.3096
3.76803
8.09569
3.8034
1.18721
5.63329
7.15765
1.62114
4.57127
1.11143
1.50058
1.41218
1.43658
0.664699
3.27114
1.83312
4.52804
4.39442
3.33055
1.09288
4.86535
2.06117
5.12128
1.84775
1.01655
0.486018
6.6243
3.41351
3.42328
6.77366
0.637975
2.70042
2.46337
4.95998
3.90444
2.66273
6.88998
8.75847
0.674171
2.92176
1.02643
0.621839
2.22782
6.251
0.667372
2.34475
4.55966
0.498715
6.78813
2.15415
2.86704
5.10509
3.70846
1.65551
1.57815
1.30239
0.786393
6.43245
1.5486
6.42669
1.85855
1.22703
1.61409
0.814501
4.08524
0.491506
0.956916
8.29137
6.83192
4.98097
4.37928
1.16143
2.70506
4.05771
3.69173
5.25216
4.71015
1.8452
2.35904
1.65813
4.18721
4.78716
1.2318
6.12233
3.87121
1.38459
3.17941
0.821255
1.29895
8.01706
14.8926
11.7799
12.049
5.99863
2.86666
6.41371
1.96118
14.5661
7.27698
5.4833
8.85803
9.33536
4.7338
7.92029
6.22354
1.92038
1.88956
10.2535
8.20064
1.80884
4.55129
10.0795
6.7502
4.78293
9.2621
11.5384
5.54324
3.89526
9.64443
8.63199
2.67387
2.54695
8.05633
12.79
13.0747
8.77776
14.4361
10.1755
10.1755
1.23232
10.3894
9.06033
10.7681
4.71548
7.15333
13.6022
2.34017
1.53542
5.9712
2.78678
1.54494
11.4686
8.1868
1.57451
9.7527
3.97489
17.0107
9.73514
3.78044
6.24999
2.74973
2.37096
8.77951
5.14384
13.6795
5.32253
1.92118
10.1474
1.80141
11.2601
7.17177
4.1549
1.66964
2.67168
5.49138
9.91345
5.40217
10.8533
9.94367
11.3857
3.31881
11.6365
8.52698
3.98838
12.9231
0.877966
8.40558
7.14442
15.345
14.4152
3.82734
9.2494
3.47325
8.56721
12.8071
10.5435
6.96773
15.2528
3.67219
8.82989
13.9408
10.8221
9.49216
15.9244
6.15683
5.13719
18.4267
9.49788
2.82651
4.25448
6.15368
3.5431
32.8084
7.82472
18.5749
21.815
4.75903
25.4223
8.20697
27.8131
5.94911
7.4178
19.7262
8.64133
3.5062
18.1426
7.07592
4.87683
13.9923
2.23681
7.06975
36.6035
6.18335
30.8402
25.0056
7.72138
23.0941
3.27625
9.47629
42.0996
5.93393
20.2882
5.77077
7.26476
11.9816
3.873
28.9445
29.9374
3.91749
4.93564
7.09678
17.4035
5.61135
19.491
16.9945
13.5606
14.2054
4.26522
6.65941
25.0715
11.7423
27.1408
16.0923
33.0666
8.13974
34.2713
16.1453
15.7573
14.2651
15.8162
3.91667
43.7307
10.8422
10.7083
25.3785
12.9047
14.0673
30.055
33.4389
3.90478
12.0563
14.1673
4.87782
18.4659
7.79493
16.3312
11.7471
5.36093
5.33869
19.8951
18.67
18.1527
3.93141
31.8012
5.56391
17.8741
8.89167
19.8615
20.9457
