5.8794e-05
0.00544158
6.0245e-05
4.2248e-05
4.701e-05
4.6527e-05
0.000206751
0.000472487
2.6589e-05
4.2844e-05
2.6517e-05
2.7049e-05
2.7645e-05
4.0412e-05
2.7659e-05
2.7369e-05
2.6546e-05
2.6893e-05
2.6749e-05
2.6272e-05
2.6788e-05
2.6738e-05
3.7884e-05
2.7491e-05
2.7562e-05
2.7492e-05
4.6181e-05
2.6685e-05
0.010685
2.7807e-05
0.000238766
2.6937e-05
2.7547e-05
4.3482e-05
3.4185e-05
2.5896e-05
3.3621e-05
2.6927e-05
2.7633e-05
0.173019
5.4002e-05
5.4297e-05
4.6351e-05
0.000101391
5.4229e-05
5.4787e-05
4.6213e-05
2.8338e-05
5.8834e-05
6.6516e-05
5.0538e-05
4.3865e-05
0.0860183
9.355e-05
2.9444e-05
5.8481e-05
5.8107e-05
2.7783e-05
2.911e-05
2.7818e-05
2.6358e-05
4.3031e-05
4.0769e-05
5.2247e-05
5.8182e-05
0.0215945
6.255e-05
4.3381e-05
4.2765e-05
2.8968e-05
2.8332e-05
9.4948e-05
2.9572e-05
4.1305e-05
2.6461e-05
8.0132e-05
6.2906e-05
5.9163e-05
2.7456e-05
5.6053e-05
2.6691e-05
2.6288e-05
9.4142e-05
2.7347e-05
3.9901e-05
2.6571e-05
2.7588e-05
0.00142657
2.712e-05
2.6986e-05
2.6807e-05
2.7928e-05
0.00268563
0.000746048
5.951e-05
5.4686e-05
0.0100352
5.804e-05
0.000666378
8.2423e-05
7.8807e-05
0.000109415
7.2996e-05
5.626e-05
9.4588e-05
6.5976e-05
0.0422098
0.00375738
0.000548257
7.7445e-05
3.7364e-05
0.000141987
0.000668072
9.5874e-05
0.00178734
9.1863e-05
8.6945e-05
0.000137498
3.7663e-05
0.0134981
0.000108499
0.129772
6.3575e-05
7.7792e-05
7.2447e-05
0.000627956
7.1258e-05
0.00020496
0.00019742
9.0805e-05
0.000354659
0.000257508
8.0976e-05
5.5374e-05
0.000436132
0.000360957
0.1085
0.000211297
8.8979e-05
8.4506e-05
0.000435893
0.000109015
0.00176438
6.9495e-05
3.5445e-05
6.3364e-05
8.0992e-05
0.000103737
6.3528e-05
6.0813e-05
4.2221e-05
3.667e-05
6.9532e-05
8.5142e-05
3.9418e-05
0.000177151
0.00069321
9.3524e-05
6.991e-05
3.8506e-05
4.5061e-05
4.0652e-05
4.0687e-05
0.000189028
9.489e-05
9.3982e-05
8.8569e-05
7.89e-05
6.1183e-05
5.1168e-05
0.000100122
5.8393e-05
8.7688e-05
0.000989434
8.561e-05
7.2266e-05
3.8626e-05
0.0420706
6.1766e-05
8.2809e-05
0.000298547
0.00468675
5.5154e-05
0.00216586
5.5635e-05
0.502868
6.9175e-05
0.000156658
0.000144367
8.9207e-05
5.5121e-05
0.000718085
6.833e-05
6.2634e-05
8.5442e-05
6.6346e-05
6.2377e-05
9.8108e-05
0.338409
7.8364e-05
0.000650646
8.6908e-05
0.000193815
0.000195344
0.000725947
9.8106e-05
5.003e-05
0.000267047
5.9174e-05
5.9494e-05
6.3514e-05
4.7813e-05
0.00310624
0.000113271
6.6204e-05
4.7289e-05
4.6332e-05
0.000207416
7.1889e-05
0.000108404
0.308889
0.000654471
0.000767039
0.0192818
0.000525797
7.8878e-05
0.000184719
7.6086e-05
5.1226e-05
0.000471263
0.000284254
0.000246588
0.000806716
9.4583e-05
0.000107422
0.143809
0.000537928
0.0813187
0.000539249
8.4298e-05
6.3215e-05
0.644934
9.2336e-05
9.1258e-05
0.000708708
0.000325103
0.000683194
0.000680534
0.000974097
5.1668e-05
0.0175393
8.1686e-05
0.00068455
0.000528267
0.0898419
7.219e-05
0.00130091
0.000147353
0.000992724
0.0116196
5.5085e-05
0.000659981
6.1247e-05
4.937e-05
0.000491668
0.0673788
8.2875e-05
9.5794e-05
4.838e-05
0.000980225
0.00890877
0.00124236
5.6851e-05
5.9911e-05
4.6414e-05
0.0135611
6.8932e-05
0.00169464
8.0045e-05
7.5552e-05
7.1206e-05
0.25086
0.000151153
0.000115275
9.7969e-05
6.1141e-05
0.000270914
4.7025e-05
9.4332e-05
0.00047987
4.6853e-05
0.0656138
6.9215e-05
6.3418e-05
0.000472527
0.0283725
0.104109
9.6433e-05
0.00126541
0.000199969
0.00061962
0.0037842
0.000113043
9.1267e-05
0.0226356
0.000127762
0.0457311
7.4556e-05
0.000484939
0.00856684
0.12658
0.0167594
0.000129169
0.000134734
0.00380506
0.000308878
0.000114082
0.000783878
0.00202433
0.000995807
0.000185396
0.000123791
0.000327358
0.000653905
0.000173945
0.000111981
0.000650997
0.000956274
8.9418e-05
0.00116669
0.000113917
0.00596382
0.000200184
0.0477848
0.00597784
0.000444881
0.000154004
0.000760975
0.000469705
0.00107807
0.00010585
0.00137859
0.000111686
0.000231733
0.000129919
0.00524255
8.9929e-05
0.000151603
0.0933678
0.000107017
0.000107379
0.000113089
0.0205326
0.00019966
0.000109717
0.000457578
0.000139158
0.000151467
0.000113382
0.000126811
0.000125993
0.000336195
0.00939401
0.000544849
0.000872953
8.8968e-05
0.000349631
0.00149683
0.000107437
0.00245479
0.000233028
0.00363573
0.00156007
0.000135521
0.0011183
0.00105357
7.7506e-05
0.00134571
0.00270654
0.000438675
0.00549648
0.000958865
0.00460446
0.000216743
0.000519081
0.000366769
0.00189711
0.0373618
9.8677e-05
0.000439632
8.933e-05
0.000116081
0.000158877
0.00252499
0.00846194
0.000357734
0.000111897
0.000105889
0.0310584
0.00151302
0.00137518
0.000173723
0.00580029
0.00110882
0.000112178
0.0122427
0.0118165
9.3687e-05
0.180207
0.0398238
0.00281279
0.000279996
0.00131885
0.000102089
0.000528321
0.000523303
9.9877e-05
0.00185308
0.0227586
0.00510312
0.00110068
0.0120919
0.000975285
0.00311509
0.000423482
0.000117943
0.000166331
0.000795583
0.191627
0.103145
0.0123394
0.000255976
0.000401639
0.00183364
0.00408848
0.000125765
9.9959e-05
0.0121268
0.000574633
0.00626347
0.000110197
0.000448037
0.000136268
0.000802392
0.000102589
0.093254
0.0456375
0.00011636
0.000100174
0.0695336
0.000164721
0.00465342
0.000110084
0.00238529
0.000139044
0.000166736
0.00112051
9.9174e-05
0.000118967
0.00137949
0.00213105
0.000122994
0.00203109
0.000822051
0.0124051
0.0739246
0.000855343
0.0149677
0.000576823
0.000546609
0.0381334
8.0217e-05
0.000392356
0.0168041
0.00144208
0.0988377
0.000532587
0.00851249
0.0668441
0.000687883
0.000205823
0.000557392
0.000244411
0.000826378
0.000177699
0.000315702
0.00586023
0.00600333
0.000661546
0.000872172
0.00409102
0.000321604
0.000770509
0.000254571
0.000111026
0.176607
0.00230846
0.012357
0.0319718
0.000502469
0.000596482
9.5543e-05
0.0146164
0.000178193
0.309799
0.00022266
0.00136163
0.00588246
0.00340741
0.00058851
0.0332449
0.0150614
0.0266971
0.000581053
0.000155351
0.000118673
0.00245251
0.00023815
0.000368756
0.000125578
0.0189881
0.000681061
0.0136223
0.00327106
0.00531613
0.00027415
0.000259335
0.000140664
0.0248371
0.00497889
0.000942554
0.00258686
0.00731453
0.00716261
0.00054836
0.000261702
0.00221179
0.000791957
0.00111089
0.0365737
0.000438974
0.00074972
0.0014017
0.260185
0.0034992
0.000151824
0.0316854
0.14667
0.00014422
0.000843317
0.00153129
0.00224274
0.000115681
0.00409987
0.00014622
0.0245397
0.00170146
0.0123894
0.00264277
0.000158608
0.000278287
0.000124566
0.00325037
0.0132656
0.00010539
0.000477189
0.000653967
0.000261455
0.00156987
0.00126625
0.000118408
0.000403009
0.0369609
0.00492932
0.00271655
0.0112993
0.000361732
0.000147059
0.07607
0.000434731
0.0113473
0.010852
0.0037252
0.110283
0.281855
0.00163948
0.0555241
0.00214959
0.000115695
0.000176053
0.000226958
0.0131384
0.162094
0.00468326
0.0120382
0.000461711
0.00587221
9.4285e-05
0.0700362
0.00834146
0.000121487
0.000111803
0.00114286
0.000974614
0.00376813
0.0301119
0.000141498
0.000140829
0.00014597
0.394233
0.00470271
0.000242596
0.000311542
0.00820043
0.00464107
0.0154555
0.0332055
0.00154279
0.000332657
0.000459065
0.00331281
0.00103408
0.149712
0.0224546
0.00685664
0.00244675
0.00218301
0.0258867
0.00171593
0.000688357
0.00215436
0.000650844
9.8405e-05
0.00023107
0.00737825
0.04402
0.0258564
0.0514231
0.00990681
0.000913882
0.00108167
0.000976878
0.153984
0.151961
0.0121287
0.000962018
0.000526939
0.171831
0.0344928
0.264336
0.000693615
0.00014993
0.00211103
0.000252165
0.00292132
0.013907
0.000292079
0.000112592
0.00480501
0.000680848
0.000320993
0.00128685
0.065371
0.0282847
0.0352039
0.00802723
0.000321555
0.00364913
0.076065
0.191591
0.00192157
0.0339078
0.00073068
0.0985116
0.139117
0.000151082
0.00157172
0.000853916
0.0057794
0.0126724
0.143551
0.00271827
0.000109049
0.0116939
0.092258
0.000151758
0.00196567
0.000879308
0.000509323
0.000112825
0.000468001
0.0407692
0.000113867
0.00085032
0.000742044
0.0112217
0.00013392
0.00310202
0.0154078
0.013633
0.000794203
0.107478
0.000123843
0.00241453
0.0063945
0.0142925
0.00135003
0.0161193
0.0011516
0.00493862
0.0110215
0.00546157
0.000637276
0.00185095
0.00225855
0.0126713
0.00161261
0.00169646
0.00124358
0.00822766
0.015136
0.000784149
0.0238385
0.00274693
0.000752
0.00829915
0.000120791
0.0258345
0.0373084
0.00504489
0.00102196
0.00391039
0.0248628
0.0446941
0.00143444
0.00659362
0.0511415
0.00114884
0.00750728
0.0201268
0.000907996
0.00063883
0.00556448
0.00286011
0.00066622
0.962744
0.0026089
0.00157985
0.000102771
0.0231734
0.00876185
0.0011253
0.00126306
0.000410933
0.0848189
0.000157814
0.0113364
0.0228612
0.126941
0.000640202
0.0116565
0.00249326
0.271812
0.00550857
0.0034913
0.00320429
0.00791859
0.0174029
0.000115098
0.0233996
0.0114268
0.0118918
0.000134087
0.000452503
0.0597211
0.149891
0.00048255
0.00039291
0.0178951
0.0154674
0.00523029
0.00563996
0.0338333
0.00107565
0.00756147
0.12446
0.000701038
0.00110531
0.00274171
0.0315481
0.00282808
0.0244281
0.00140955
0.00785796
0.0726325
0.00484565
0.000214748
0.00212187
0.023539
0.00294009
0.00809393
0.00698267
0.000191295
0.0127611
0.0555711
0.0793126
0.000160441
0.0010455
0.372738
0.0722955
0.00463993
0.00364679
0.026263
0.0626703
0.00650962
0.00259997
0.00197702
0.00453461
0.128245
0.00210813
0.0583982
0.00118695
0.000384852
0.012147
0.00537707
0.00630669
0.00423032
0.00256004
0.000117223
0.00540798
0.0447762
0.0922891
0.0262373
0.00827379
0.00231
0.00290207
0.00163798
0.000448237
0.0175548
0.00192817
0.000421626
0.0396516
0.00107033
0.017853
0.00813385
0.000434374
0.00583381
0.000973209
0.0120818
0.000676216
0.0049839
0.00335948
0.00162918
0.0106495
0.0170194
0.00723895
0.0114145
0.00206113
0.0134931
0.00437512
0.0362963
0.0238626
0.0239129
0.00215989
0.00348311
0.373584
0.001048
0.00179511
0.0735504
0.0462534
0.0134506
0.000136466
0.00642134
0.0026409
0.000514018
0.00184931
0.00216637
0.0497814
0.0422958
0.00360696
0.00266679
0.000212652
0.00478929
0.00170823
0.00473894
0.00638064
0.101474
0.0156108
0.00703642
0.000744832
0.0129151
0.00238813
0.0125348
0.000169867
0.00884456
0.0321569
0.0394243
0.143235
0.0258207
0.00202457
0.00271738
0.000818837
0.0139963
0.0836426
0.0108573
0.000428732
0.011206
0.00346005
0.0107623
0.00129224
0.00841758
0.00431961
0.0144236
0.0175942
0.00133365
0.00161513
0.00842127
0.0160081
0.00325932
0.000186315
0.434991
0.0031524
0.00446586
0.00555634
0.019649
0.00713479
0.0195827
0.0130044
0.208575
0.0138027
0.00733393
0.0477066
0.00513807
0.0303614
0.00127514
0.00998126
0.00954123
0.0289867
0.00357217
0.0575115
0.0136464
0.0140837
0.0219857
0.000736383
0.00655323
0.0175342
0.0124716
0.0418036
0.00782391
0.000606777
0.0209432
0.00104227
0.0109878
0.00369371
0.0024262
0.00963676
0.022376
0.00403519
0.00652297
0.0268129
0.0216193
0.0465619
0.00558568
0.00880634
0.0399473
0.00318921
0.0977567
0.112118
0.000493478
0.358552
0.00257545
0.0120593
0.0112869
0.0063157
0.000838952
0.00460013
0.00535519
0.00232161
0.0118287
0.0101067
0.00459983
0.0335406
0.0030627
0.0039816
0.000606002
0.263654
0.00517811
0.00730159
0.0686809
0.708636
0.00213928
0.00120576
0.301973
0.0570744
0.000218028
0.00380429
0.552731
0.0011105
0.00273077
0.0831027
0.106248
0.016582
0.005241
0.0669447
0.0137631
0.0542583
0.0113872
0.00290533
0.0227464
0.137698
0.00512019
0.000924173
0.00876228
0.0341557
0.00791298
0.00516242
0.222656
0.0055726
0.00740063
0.0757333
0.0055584
0.000708071
0.00160879
0.0398286
0.00615145
0.0066579
0.0144473
0.283186
0.0528228
0.00352039
0.00846887
0.0150491
0.00799759
0.00472317
0.0143628
0.283293
0.00102665
0.142716
0.0884982
0.00226188
0.0239555
0.0348136
0.00064465
0.00338784
0.0198833
0.0256522
0.00227817
0.00439188
0.00170835
0.00179597
0.0076699
0.173287
0.249111
0.00411608
0.0722362
0.0202436
0.0538912
0.0209848
0.000851773
0.449204
0.0331003
0.00247888
0.00184753
0.00569181
0.0128248
0.00372081
0.00327683
0.00164572
0.00452917
0.0240831
0.0319287
0.00805358
0.006031
0.0059308
0.0177668
0.00174335
0.0319915
0.0219821
0.0436114
0.00948511
0.011049
0.0636365
0.000189897
0.000835096
0.0019711
0.266385
0.404225
0.014858
0.00617132
0.504087
0.0231313
0.0148915
0.01608
0.0116254
0.009232
0.000431016
0.000941392
0.00992946
0.00941033
0.0122854
0.701366
0.00267989
0.113456
0.00138738
0.00786648
0.00154584
0.011334
0.00348628
0.00269207
0.000787855
0.00702948
0.00577995
0.0193329
0.399427
0.0618831
0.00094722
0.123624
0.00260165
0.00138555
0.0033187
0.0141875
0.00044759
0.0946917
0.0487103
0.0417351
0.00115811
0.152082
0.00723371
0.0671424
0.129306
0.438531
0.0415408
0.00681887
0.0135815
0.004131
0.00453443
0.00193045
0.131556
0.0413741
0.0376901
0.0116347
0.00886198
0.000625752
0.000927933
0.124049
0.0056408
0.00381818
0.000191273
0.000377826
0.00204721
0.279527
0.00761949
0.104551
0.00161802
0.25205
0.0124767
0.0491158
0.0109418
0.000940385
0.0436568
0.0113475
0.00784622
0.00988003
0.0776653
0.00280535
0.0216782
0.00245678
0.0139135
0.0483842
0.00694298
0.00787989
0.0878327
0.0551375
0.29078
0.0149747
0.00236748
0.0162557
0.00104851
0.0265125
0.00490276
0.00020742
0.0848134
0.00320106
0.0329896
0.00727708
0.00761162
0.0251413
0.24617
0.00070123
0.0107728
0.00915688
0.00294334
0.0211129
0.164906
0.00547713
0.00142941
0.0417396
0.0155675
0.20579
0.0212488
0.0215183
0.000966855
0.0139558
0.011168
0.00794966
0.0337238
0.0331085
0.0378304
0.00374465
0.0372984
0.113405
0.0282065
0.000266162
0.00874251
0.00449013
0.101486
0.00118088
0.00178657
0.0975712
0.032246
0.00469297
0.0147783
0.336579
0.00772583
0.0374651
0.00200928
0.0104271
0.0136492
0.00404928
0.00882873
0.109499
0.0788828
0.00801388
0.213154
0.00948556
0.00567856
0.0128655
0.0113366
0.212389
0.0378568
0.0421006
0.00624809
0.00119435
0.012505
0.0136601
0.0267712
0.00560541
0.0476764
0.00604837
0.0124948
0.0630495
0.0201283
0.00125595
0.0151641
0.0205766
0.0651396
0.0216102
0.435593
0.00342681
0.0124791
0.00178008
0.0068673
0.00437202
0.0130691
0.00895288
0.0447566
0.0446777
0.0180603
0.273973
0.0277676
0.0108526
0.0111938
0.0417246
0.0286893
0.111822
0.0398641
0.00913508
0.00336189
0.102081
0.0105895
0.00599425
0.280057
0.0192086
0.0340691
0.00207555
0.103081
0.0950579
0.00892733
0.00811847
0.000228888
0.546426
0.00520104
0.00103286
0.00205551
0.00990074
0.274482
0.00313641
0.0244112
0.00176837
0.0436425
0.0235383
0.00929665
0.00647906
0.00172288
0.0071049
0.04125
0.00121783
0.189132
0.00393451
0.00820956
0.126531
0.110118
0.0157944
0.0340741
0.00489666
0.018052
0.0358232
0.0481316
0.054804
0.00923877
0.0199575
0.0993825
0.0195425
0.0686654
0.464803
0.00223176
0.0418519
0.0112713
0.00870978
0.0160992
0.0174801
0.0322104
0.00142827
0.0543198
0.00593722
0.00700566
0.00204128
0.0233356
0.104832
0.0170312
0.101592
0.177167
0.161874
0.0360854
0.0192021
0.0440154
0.0186261
0.41865
0.00127181
0.119723
0.0133457
0.0517206
0.0755483
0.0312675
0.00674761
0.0157953
0.138154
0.024034
0.00165338
0.038416
0.0519766
0.0800368
0.0348636
0.149731
0.00990025
0.171031
0.00141334
0.0121893
0.0107427
0.00433363
0.0620255
0.00953595
0.0079535
0.00679272
0.02073
0.00643323
0.006696
0.0170595
0.00911344
0.185882
0.0079302
0.00738647
0.00564622
0.014666
0.0251406
0.0212576
0.0500259
0.137498
0.0081367
0.0273839
0.0114954
0.0427286
0.143214
0.00598631
0.0772992
0.0751487
0.0151721
0.0166149
0.0209698
0.0141789
0.0213614
0.00372311
0.00691149
0.0345661
0.00210949
0.0197139
0.0162519
0.00614255
0.0460059
0.00691766
0.0109103
0.218116
0.0624026
0.0100954
0.0156383
0.0050836
0.00244598
0.00381182
0.0117363
0.014629
0.0122323
0.0529226
0.202776
0.00295048
0.0366529
0.206315
0.0198809
0.236847
0.017563
0.204052
0.0714161
0.00124254
0.0119195
0.0130454
0.273693
0.0191054
0.0176124
0.020919
0.0146911
0.0905785
0.32625
0.0492972
0.221425
0.520676
0.145996
0.0237354
0.0107618
0.0156839
1.01285
0.234934
0.00583577
0.0200081
0.0206573
0.0317167
0.0188225
0.0136111
0.124172
0.00237082
0.0136166
0.0277798
0.0968268
0.0029875
0.0372688
0.0053787
0.00186518
0.0215552
0.0148042
0.101486
0.0143442
0.00108157
0.0429382
0.0305392
0.0344918
0.0295493
0.202218
0.00161333
0.0148911
0.138338
0.100399
0.0194018
0.00313775
0.00267274
0.00684611
0.286028
0.346634
0.037254
0.02714
0.0164914
0.149842
0.0540761
0.0186063
0.0399878
0.132467
0.0176767
0.00284184
0.0383178
0.00267965
0.00132855
0.0109899
0.180279
0.0268476
0.0924402
0.116982
0.0106653
0.0394621
0.12065
0.0239373
0.0042245
0.125849
0.068488
0.0146986
0.0036285
0.190051
0.055323
0.0471763
0.0179947
0.00476524
0.016308
0.168284
0.0378571
0.00669702
0.0439273
0.434492
0.0157879
0.0144796
0.0273629
0.0545728
0.0327199
0.0122763
0.0854591
0.018372
0.0185361
0.0724028
0.0717186
0.0118979
0.021139
0.0608737
0.0723527
0.0327865
0.0164827
0.0593286
0.16156
0.00706659
0.0791263
0.00582993
0.0556312
0.0118746
0.00764012
0.0174618
0.0468351
0.110681
0.0338014
0.00911977
0.0730509
0.053521
0.0345211
0.0169372
0.145442
0.0198896
0.155751
0.00178567
0.0269666
0.00451305
0.048382
0.0346432
0.0666823
0.0981489
0.0184465
0.00664461
0.0958687
0.518939
0.0215881
0.0980931
0.256563
0.0532206
0.0683977
0.00836931
0.0197324
0.0335937
0.121723
0.022344
0.0106974
0.0446097
0.0204944
0.0299992
0.0199426
0.0565603
0.00531588
0.0100033
0.0391716
0.0102864
0.0134479
0.0725053
0.00456326
0.0447541
0.03544
0.0989611
0.0810247
0.0191464
0.376787
0.657249
0.174719
0.0325988
0.00232107
0.154736
0.0279125
0.0266089
0.415485
0.0233931
0.0179047
0.913409
0.0165896
0.0781508
0.111394
0.0191328
0.017046
0.0152035
0.00683137
0.0496839
0.115511
0.0766792
0.0513882
0.08296
0.0500416
0.0135538
0.00461366
0.113497
0.0389714
0.00516812
0.306679
0.00509806
0.00672264
0.0193885
0.566105
0.0944744
0.499676
0.0365976
0.0133776
0.00253733
0.0745556
0.368484
0.0178885
0.0372957
0.0858699
0.106701
0.11904
0.114244
0.147783
0.0124094
0.0305362
0.0332924
0.00991258
0.0350241
0.180471
0.0305535
0.0558703
0.0432614
0.180206
0.0270006
0.495471
0.0973057
0.00936753
0.0167913
0.169888
0.264899
0.0272502
0.0440971
0.0803396
0.43479
0.020297
0.0138527
0.00208036
0.00845956
0.203314
0.0159632
0.00941372
0.00474794
0.0804341
0.3575
0.0354316
0.00545265
0.036403
0.0344513
0.106224
0.0447655
0.00233872
0.0146402
0.00438466
0.0270123
0.150258
0.0240565
0.0571806
0.0243219
0.0825642
0.00115972
0.0376515
0.0429325
0.0851877
0.138204
0.131608
0.00577409
0.0314623
0.149845
0.0225981
0.0146294
0.201097
0.0537425
0.0104698
0.00564387
0.0821923
0.0420169
0.132436
0.00160937
0.110835
0.0346657
0.0329749
0.115429
0.0103307
0.0446262
0.0121583
0.0127733
0.275516
0.0309206
0.481398
0.0248899
0.0444768
0.0244115
0.497665
0.0590453
0.246917
0.00864577
0.0324374
0.00445439
0.0576324
0.0101328
0.0598377
0.00382324
0.034695
0.0129176
0.174107
0.225956
0.0268508
0.0112682
0.0224516
0.00342973
0.0172439
0.00891886
0.12581
0.0698119
0.310763
0.0186791
0.00940117
0.0574887
0.13272
0.014896
0.00642597
0.00832887
0.0347969
0.122325
0.0100869
0.215891
0.0259175
0.095366
0.0348779
0.00591156
0.0379629
0.115283
0.0366061
0.684194
0.0137069
0.0341977
0.00484472
0.0615351
0.0131818
0.0058984
0.00482888
0.00537993
0.0224948
0.123853
0.111082
0.240048
0.101044
0.0693427
0.0288636
0.0172514
0.0140376
0.00585653
0.0665199
0.00932852
0.528597
0.0548603
0.0118081
0.00176424
0.0103022
0.0307878
0.219445
0.0303028
0.00634222
0.111192
0.00285272
0.0634756
0.0213504
0.300903
0.0101596
0.021458
0.0620934
0.0442271
0.0282732
0.0321296
0.0116575
0.0361429
0.136483
0.587074
0.0124906
0.0868163
0.155871
0.0375457
0.0204935
0.00939563
0.191834
0.00833071
0.0264054
0.0189446
0.166005
0.0058915
0.0381961
0.0220973
0.0179879
0.0150511
0.0177973
0.244919
0.0373776
0.097798
0.04965
0.00391403
0.0376637
0.0681396
0.0635196
0.0189236
0.0215216
0.327468
0.0828151
0.00376484
0.155028
0.0141075
0.0210086
0.0690774
0.0279301
0.0251494
0.273183
0.034345
0.403641
0.0402665
0.53712
0.0142737
0.0300471
0.129493
0.0801255
0.0558837
0.0127342
0.00546556
0.0768328
0.0121729
0.163517
0.0178381
0.0421792
0.00616768
0.00451836
0.296001
0.137234
0.041928
0.0514297
0.0670851
0.0228378
0.0658892
0.0652228
0.00987327
0.0974744
0.0181214
0.0286564
0.0352363
0.0727752
0.0214153
0.0910097
0.024571
0.0356792
0.196845
0.112935
0.0132576
0.0147961
0.0122881
0.0583724
0.0299243
0.0205039
0.309541
0.0350134
0.0125761
0.0335021
0.034944
0.0331097
0.0269469
0.0351679
0.242115
0.319479
0.0100301
0.0327534
0.00866874
0.0505361
0.0499711
0.196199
0.0133346
0.00427571
0.101239
0.190494
0.0698536
0.0169628
0.280112
0.0140365
0.054721
0.0487412
0.0228745
0.155975
0.0119705
0.053157
0.237643
0.0213664
0.154036
0.018935
0.0808377
0.0316978
0.0452999
0.121807
0.0464043
0.128498
0.0131251
0.00785385
0.12277
0.0346256
0.1167
0.00941653
0.158999
0.0153245
0.0269513
0.0184701
0.072433
0.122255
0.0140221
0.143444
0.0145458
0.00307431
0.00894255
0.0753488
0.180053
0.0240139
0.0468278
0.0391233
0.108239
0.0116109
0.0326751
0.0491979
0.0278215
0.023778
0.0808071
0.0361515
0.0299341
0.031018
0.115775
0.0121922
0.0251557
0.0138457
0.0380228
0.0110707
0.133952
0.00785517
0.187634
0.135336
0.0174414
0.0358485
0.0313173
0.000666109
0.135435
0.0135959
0.121088
0.0218081
0.00811539
0.0220964
0.144573
0.121769
0.0585878
0.113617
0.00815646
0.04043
0.0644283
0.0135802
0.201384
0.00965526
0.0121007
0.0104171
0.0249646
0.087146
0.0347103
0.016922
0.168717
0.0192814
0.0518194
0.0781273
0.00619799
0.0996935
0.276722
0.0211799
0.31087
0.0960679
0.0494346
0.100876
0.0596901
0.043111
0.0852762
0.00735938
0.0285835
0.117731
0.0164374
0.127189
0.0781201
0.122565
0.0279564
0.0313372
0.044197
0.00904023
0.31125
0.0289896
0.0045809
0.289945
0.0296875
0.0589206
0.0402531
0.0330924
0.00381461
0.0563298
0.0722949
0.0421389
0.0518249
0.0397094
0.032877
0.359709
0.0419049
0.0212082
0.0211419
0.0741587
0.153323
0.0159581
0.172248
0.0463368
0.0870953
0.134198
0.132521
0.0451955
0.0453866
0.0134754
0.0336964
0.0142098
0.57467
0.0194004
0.0365302
0.0729765
0.0335515
0.182831
0.00240113
0.0262808
0.0612593
0.089128
0.0902519
0.126135
0.009474
0.0524602
0.047591
0.182792
0.0622803
0.0651442
0.0154222
0.110001
0.00710032
0.014535
0.0320181
0.140615
0.542897
0.0624359
0.122158
0.0253575
0.251213
0.0402988
0.0556347
0.0208067
0.399121
0.0689835
0.0810312
0.0072027
0.17863
0.156971
0.0161427
0.017953
0.0254847
0.0497995
0.0788838
0.133582
0.0700525
0.0179288
0.0148142
0.0285625
0.0116203
0.284491
0.0506682
0.0269914
0.0275117
0.0123022
0.0287218
0.0507185
0.0809818
0.210291
0.0515806
0.00740769
0.0119677
0.0156427
0.0505378
0.0345727
0.065835
0.0112266
0.265503
0.0878544
0.0552986
0.0143476
0.0306531
0.00602542
0.152663
0.214871
0.0475275
0.0372881
0.0423046
0.0635009
0.0127198
0.0221618
0.138037
0.00648375
0.0342084
0.0568884
0.100065
0.00320436
0.0431722
0.0490409
0.101975
0.0618178
0.0630782
0.0312989
0.0160877
0.0144469
0.0299318
0.716119
0.265474
0.0145761
0.0558735
0.0229531
0.0602808
0.0303397
0.0221775
0.00255345
0.0102937
0.0912324
0.0942458
0.108499
0.0692861
0.0662523
0.0461258
0.0829019
0.0942465
0.0466504
0.0294721
0.113935
0.0680388
0.0577063
0.0374913
0.0215594
0.00250878
0.0497963
0.124793
0.0462935
0.0180304
0.055389
0.143201
0.0169121
0.00731491
0.151329
0.0416491
0.024007
0.00280887
0.0184117
0.0569233
0.0849685
0.0422187
0.00725964
0.198202
0.0812402
0.155061
0.091892
0.0572633
0.0847249
0.38959
0.0114323
0.165955
0.0118735
0.0487078
0.057825
0.0332631
0.177967
0.0102398
0.0088844
0.364918
0.038385
0.170801
0.0652431
0.0316828
0.0524172
0.0160484
0.0307307
0.0946534
0.0605727
0.0427989
0.0615924
0.0726041
0.00912495
0.445529
0.0210435
0.118969
0.047042
0.0693957
0.218707
0.0776687
0.244856
0.0326722
0.0176028
0.0317467
0.0895142
0.0134768
0.0278494
0.0413094
0.0161589
0.0242755
0.0256167
0.229997
0.0238319
0.0295219
0.0214285
0.306813
0.13155
0.0659004
0.149447
0.0176136
0.207521
0.0138334
0.121094
0.0737405
0.0144676
0.0838031
0.0341411
0.052128
0.000766157
0.00814335
0.23047
0.188549
0.189761
0.0763562
0.0497218
0.0555526
0.206674
0.0068379
0.149757
0.0485662
0.0264518
0.11498
0.0702378
0.129943
0.0575845
0.0399013
0.0157881
0.0248316
0.0474283
0.0108395
0.014951
0.168294
0.139204
0.0126299
0.123111
0.0604738
0.00375017
0.309782
0.0117376
0.0444237
0.14002
0.0195664
0.00388212
0.0103118
0.0733402
0.00283866
0.0253543
0.767347
0.177127
0.128047
0.0689391
0.0326293
0.0369733
0.0888469
0.0568588
0.224453
0.0260051
0.0125074
0.134099
0.0330309
0.0985723
0.097358
0.148939
0.0150593
0.058656
0.308534
0.141847
0.125643
0.157087
0.613307
0.104042
0.325286
0.151693
0.116056
0.121619
0.0626253
0.0273238
0.0224709
0.1688
0.059051
0.0106981
0.0776437
0.062558
0.0228222
0.0702238
0.187288
0.0400801
0.0521058
0.0695455
0.0213615
0.0239324
0.00509561
0.0228172
0.247544
0.360405
0.0176944
0.192085
0.106421
0.106124
0.105252
0.0183628
0.0205078
0.110582
0.0228928
0.0831889
0.0479515
0.0331204
0.038844
0.150194
0.015875
0.00758926
0.665312
0.0525239
0.000809146
0.0218641
0.0261405
0.156189
0.146687
0.230423
0.0277927
0.329507
0.0877786
0.0585614
0.666605
0.345386
0.139374
0.229751
0.0392669
0.00199785
0.0810326
0.160756
0.0839638
0.0505399
0.0785001
0.137168
0.0137089
0.264046
0.0631016
0.023218
0.0314635
0.100421
0.036872
0.0255525
0.049062
0.0614529
0.0489124
0.0514591
0.0587127
0.0216454
0.0778546
0.00608438
0.0811443
0.185182
0.0474914
0.0657964
0.0126654
0.0428698
0.0113321
0.0761421
0.0913019
0.15239
0.17794
0.0438356
0.012128
0.0507538
0.0762957
0.176966
0.0772317
0.119071
0.049015
0.0184062
0.217948
0.109621
0.0235485
0.127212
0.150982
0.349531
0.151236
0.220856
0.0422271
0.079711
0.0226112
0.00573635
0.022731
0.00283472
0.0474905
0.00883754
0.32557
0.0224761
0.024449
0.0941307
0.107735
0.0688722
0.0990651
0.00760169
0.274247
0.483328
0.0221361
0.180276
0.0582596
0.0558461
0.0184488
0.0769414
0.144495
0.0622496
0.0192574
0.0258141
0.0669092
0.0395446
0.174799
0.130602
0.554171
0.0216436
0.0701591
0.00985254
0.0258961
0.186068
0.11628
0.082087
0.0248932
0.0221318
0.0117763
0.0108994
0.202068
0.0648948
0.0732523
0.235014
0.0968191
0.214431
0.0574209
0.236331
0.0689875
0.0287172
0.0082231
0.0151877
0.0252373
0.0366622
0.0440055
0.0412583
0.212455
0.00298003
0.0494749
0.103733
0.00641591
0.0128104
0.0293953
0.0108944
0.178346
0.513904
0.0498939
0.227882
0.403997
0.228998
0.0132241
0.267781
0.0626469
0.0347049
0.189873
0.038178
0.0269215
0.0907166
0.0794269
0.0915983
0.114929
0.019386
0.127245
0.034007
0.0246288
0.0130212
0.0857741
0.304677
0.0381425
0.0352247
0.0683236
0.0196687
0.0306552
0.0367467
0.0745801
0.0697831
0.0533174
0.155946
0.0847307
0.0798598
0.0225971
0.0556378
0.014407
0.0742871
0.0285485
0.0669204
0.0193905
0.176831
0.664849
0.0724497
0.472683
0.0154205
0.0535457
0.0166689
0.0200075
0.0172124
0.188702
0.0157927
0.0082884
0.0891767
0.221197
0.038176
0.0303912
0.0285066
0.0456142
0.108929
0.150843
0.0232519
0.0662706
0.0441147
0.0326832
0.0467491
0.0114349
0.267771
0.0503266
0.0213398
0.032417
0.0162721
0.0477163
0.0123948
0.0175507
0.0473525
0.223979
0.199829
0.307187
0.092679
0.0993849
0.0356971
0.0741815
0.299456
0.0440735
0.0171217
0.115813
0.106766
0.167193
0.0771853
0.0531215
0.0825589
0.0208087
0.0251945
0.0506169
0.0842997
0.171445
0.37871
0.0161448
0.0964446
0.0612401
0.103968
0.208314
0.0473491
0.0585489
0.0669413
0.329916
0.0173542
0.158772
0.0480733
0.130495
0.107358
0.0114569
0.0735604
0.0208786
0.0645379
0.0359518
0.307462
0.0859186
0.138523
0.0136199
0.0908401
0.0131134
0.0829844
0.0629757
0.0386284
0.0309949
0.0327034
0.042976
0.0605449
0.266272
0.0867456
0.0436521
0.0225616
0.168689
0.172875
0.215963
0.0566666
0.104405
0.102665
0.0485909
0.0280952
0.00723717
0.0365403
0.00748192
0.0367665
0.00911822
0.0182807
0.031701
0.0241943
0.0214955
0.0294051
0.147012
0.0510806
0.0701173
0.111538
0.0453189
0.0491562
0.194649
0.0263489
0.0452447
0.0181515
0.434386
0.0234263
0.0747239
0.0340988
0.140518
0.302458
0.0535016
0.395546
0.0660564
0.0395614
0.0402895
0.0291294
0.191752
0.30104
0.12055
0.0913929
0.198428
0.0173294
0.0157781
0.111924
0.0233249
0.158902
0.0447248
0.0257741
0.334837
0.0128643
0.107901
0.0496133
0.12219
0.209238
0.0225002
0.0268697
0.0911333
0.119175
0.0212132
0.0502214
0.0314663
0.0259397
0.135312
0.135606
0.0834513
0.10306
0.300385
0.146745
0.068556
0.186977
0.601449
0.237115
0.10474
0.175056
0.073854
0.025302
0.0676069
0.165974
0.0862719
0.0523436
0.0753017
0.0526851
0.324012
0.0534195
0.0449901
0.0604492
0.0540094
0.245948
0.0127844
0.0959495
0.256007
0.0759297
0.0469667
0.0523084
0.0521799
0.160176
0.0266334
0.101995
0.141351
0.0355073
0.0382363
0.00482532
0.114265
0.0983607
0.115241
0.581868
0.0317988
0.0296775
0.0637509
0.110945
0.156937
0.0644876
0.130907
0.0953031
0.0250551
0.0554082
0.310685
0.135126
0.114203
0.0342649
0.0279907
0.0419922
0.0262592
0.0295516
0.0510836
0.0495816
0.0688478
0.0463632
0.0231017
0.0641925
0.0307177
0.098979
0.197674
0.0305609
0.0603841
0.106076
0.0398926
0.352985
0.250601
0.00876401
0.0954066
0.0241788
0.127848
0.0639819
0.08569
0.302942
0.016785
0.054763
0.0697137
0.0140198
0.0599549
0.266204
0.0612695
0.0311501
0.088807
0.399909
0.0406168
0.0844878
0.0272119
0.129043
0.193297
0.0609228
0.0460427
0.086744
0.100633
0.54679
0.187701
0.0110811
0.169109
0.116242
0.0594637
0.139774
0.119182
0.179787
0.0308987
0.0411666
0.155701
0.221765
0.0881619
0.058484
0.186692
0.0289935
0.0215136
0.0916981
0.0322807
0.0820679
0.0354103
0.282482
0.0124835
0.0114072
0.203374
0.0153995
0.0150544
0.0181587
0.0768609
0.0366315
0.047984
0.176045
0.374207
0.265291
0.0158406
0.240875
0.0270208
0.0629192
0.022282
0.0883352
0.0743816
0.346293
0.105183
0.084133
0.0290461
0.235046
0.0977899
0.046088
0.0644947
0.125319
0.0748211
0.0786841
0.0871744
0.0549815
0.0988822
0.224324
0.121103
0.00728284
0.0880403
0.0271619
0.0640819
0.0604104
0.0146252
0.0458212
0.0592211
0.0309714
0.165741
0.170904
0.0255628
0.0727639
0.16672
0.0121395
0.0524959
0.0179058
0.073288
0.0140173
0.0415476
0.0560864
0.201078
0.149154
0.0360672
0.283231
0.0847518
0.263252
0.0777244
0.21786
0.0756199
0.176692
0.0876211
0.021477
0.0758018
0.105464
0.0527298
0.0273928
0.0211836
0.150634
0.0446926
0.219077
0.0273297
0.0962649
0.0674785
0.0661458
0.0221899
0.0612916
0.0472039
0.172547
0.111323
0.0150187
0.144477
0.0699834
0.180225
0.581209
0.0457277
0.183297
0.0401036
0.0955431
0.0858881
0.276754
0.0592842
0.0498549
0.0915969
0.0562051
0.612031
0.138555
0.00616064
0.176183
0.0246451
0.654175
0.473597
0.00453644
0.0536886
0.0183316
0.0220952
0.0265634
0.122165
0.182343
0.112893
0.0872814
0.246741
0.146998
0.0674317
0.066356
0.0874865
0.324996
0.076509
0.0435113
0.0325062
0.437731
0.0348017
0.00854943
0.125854
0.188457
0.0340714
0.449049
0.0213637
0.152465
0.245807
0.0344759
0.0273414
0.015658
0.0857545
0.0257655
0.0425699
0.0732111
0.0431265
0.0241908
0.0384152
0.0879072
0.0358791
0.0263646
0.116066
0.0270811
0.0421156
0.233788
0.245597
0.126649
0.0326589
0.0962074
0.0244284
0.0585737
0.0663963
0.397673
0.10015
0.446076
0.067787
0.0232615
0.0687241
0.0119978
0.0842358
0.116077
0.0210311
0.0815596
0.156932
0.0615777
0.0201098
0.0674263
0.231488
0.0846401
0.150999
0.0612833
0.0657731
0.0199482
0.0941376
0.0547625
0.0786648
0.236794
0.0833804
0.268166
0.264624
0.0957499
0.122947
0.171282
0.0347629
0.280044
0.053251
0.441583
0.148459
0.123596
0.0336285
0.0351445
0.0462323
0.156499
0.018027
0.100313
0.269084
0.0189648
0.125385
0.154435
0.0387217
0.0670869
0.101933
0.206068
0.0658575
0.00357761
0.0572349
0.0285134
0.192236
0.104121
0.0305054
0.046686
0.0933045
0.00713502
0.0240239
0.0261546
0.484268
0.0166656
0.05129
0.236295
0.0316116
0.0929662
0.0418217
0.392281
0.0379767
0.0845567
0.0591474
0.0419017
0.0728601
0.0344483
0.0895303
0.047654
0.0955667
0.130825
0.223056
0.117842
0.0282478
0.0247104
0.295179
0.0531391
0.0303876
0.0478483
0.0309269
0.101674
0.198665
0.127374
0.0946844
0.102346
0.162635
0.037638
0.250759
0.0402042
0.0441268
0.313685
0.138965
0.127679
0.00725618
0.10508
0.120468
0.0429141
0.0815505
0.016662
0.0183342
0.177195
0.0492969
0.0828115
0.0287182
0.023735
0.307358
0.0235534
0.0184716
0.0326403
0.0285764
0.188629
0.26876
0.132908
0.0717918
0.0403307
0.109741
0.0727696
0.0805844
0.0859559
0.0779328
0.0282797
0.0978265
0.0651413
0.116923
0.348853
0.0746929
0.0332627
0.0708866
0.0424889
0.119103
0.0604446
0.0466527
0.0448336
0.0479961
0.0558876
0.0387666
0.0192236
0.03114
0.174994
0.0520433
0.0180522
0.0924649
0.0238476
0.08635
0.0382409
0.111084
0.0819972
0.0297437
0.0620988
0.0182494
0.274992
0.148317
0.142682
0.0607933
0.0442838
0.0195071
0.0210099
0.114556
0.0313371
0.260759
0.0462263
0.0481809
0.15541
0.13309
0.177756
0.222941
0.137607
0.123038
0.0209652
0.182218
0.0456774
0.0292285
0.0251594
0.0340881
0.22273
0.0326124
0.460737
0.14826
0.0143584
0.21026
0.019483
0.0663519
0.014678
0.273556
0.0739664
0.0912476
0.0163906
0.0646728
0.0247154
0.0162786
0.0530808
0.318306
0.0683172
0.233124
0.0352168
0.0365343
0.239852
0.0621509
0.0289963
0.191269
0.039238
0.0334759
0.129479
0.0294245
0.0809106
0.298715
0.0231924
0.192026
0.0720595
0.00852326
0.00863257
0.063817
0.052504
0.0431773
0.0617866
0.042213
0.0219303
0.0283283
0.168899
0.109466
0.0622793
0.057909
0.542457
0.127623
0.116348
0.0367694
0.121257
0.0716764
0.149084
0.0210669
0.0172762
0.106178
0.0933807
0.0467626
0.256126
0.11195
0.0396919
0.0383547
0.0334423
0.0387974
0.0843767
0.0465646
0.147738
0.234712
0.0476757
0.253405
0.0440199
0.0594401
0.222455
0.143294
0.441088
0.298295
0.0664065
0.0727134
0.0882699
0.0686898
0.0363971
0.0374982
0.140648
0.0820869
0.0167153
0.0303538
0.200353
0.0297893
0.072068
0.0503979
0.0921165
0.0436344
0.0299665
0.0834357
0.0516956
0.026437
0.060669
0.0642521
0.405654
0.0874083
0.125454
0.132098
0.233286
0.242029
0.23407
0.0363918
0.0109861
0.00921028
0.0230617
0.108954
0.0390527
0.405402
0.150193
0.077594
0.115261
0.456398
0.234207
0.0352937
0.0142188
0.0493866
0.0852548
0.0314935
0.536995
0.132095
0.0106866
0.104173
0.0423982
0.0414944
0.0205582
0.04373
0.0407992
0.0314431
0.0646873
0.0767928
0.0651361
0.0785021
0.175941
0.0257607
0.017816
0.0662974
0.119852
0.183014
0.163856
0.128573
0.102962
0.0653582
0.102409
0.0934039
0.05344
0.0136518
0.0823789
0.0582666
0.012763
0.0430679
0.443923
0.0267342
0.150507
0.0232696
0.0158005
0.0373805
0.0712992
0.13959
0.0571761
0.50663
0.0518672
0.104767
0.0228702
0.120596
0.190971
0.084353
0.17365
0.159851
0.0252956
0.0658144
0.175502
0.199686
0.110193
0.170413
0.0424319
0.027705
0.0670016
0.0266433
0.133735
0.191456
0.0609983
0.0294805
0.129897
0.0906477
0.0274251
0.010015
0.0454677
0.146496
0.137886
0.108791
0.0328627
0.0478049
0.065509
0.325321
0.0385048
0.294369
0.169572
0.11636
0.0568455
0.154314
0.0513719
0.0306455
0.119878
0.034282
0.0225413
0.0280444
0.0890691
0.160243
0.0803022
0.2065
0.0422334
0.0428642
0.181249
0.032143
0.150758
0.119544
0.0113775
0.195612
0.0101872
0.0303193
0.0533776
0.172925
0.0329428
0.0731749
0.0609589
0.0577961
0.0319438
0.306574
0.0254006
0.0579491
0.0760692
0.0526435
0.428555
0.192396
0.134296
0.341418
0.0559065
0.109632
0.067676
0.108974
0.0574115
0.0935886
0.0610141
0.110886
0.0391624
0.190134
0.0542351
0.182446
0.0694139
0.121586
0.0566004
0.0632711
0.0544419
0.112587
0.0383636
0.0379299
0.0676658
0.0130542
0.128574
0.176745
0.0364942
0.0713376
0.0351794
0.0218878
0.102416
0.0670563
0.038972
0.0743296
0.024725
0.399294
0.086245
0.0620928
0.0915211
0.0833233
0.0270233
0.107226
0.0388021
0.0247691
0.123036
0.0884335
0.07487
0.0481407
0.204489
0.0522979
0.0075665
0.155236
0.0658887
0.122067
0.0353686
0.291757
0.162755
0.0167358
0.27342
0.0698747
0.0104037
0.0527298
0.0419254
0.0115366
0.103892
0.0475203
0.23239
0.0459828
0.119761
0.0951597
0.0530139
0.0187278
0.116495
0.10235
0.115882
0.0265977
0.109958
0.00733408
0.0934382
0.0280691
0.121592
0.172561
0.202629
0.121845
0.0644686
0.268427
0.0893098
0.112977
0.0623991
0.382826
0.132896
0.1461
0.171973
0.113106
0.0762404
0.227164
0.0313956
0.0721688
0.0638866
0.0773746
0.141165
0.0515983
0.114269
0.0382835
0.170677
0.0476479
0.116945
0.292998
0.105654
0.0998295
0.149454
0.0226696
0.0339602
0.120175
0.0500724
0.08838
0.0324971
0.133544
0.0826298
0.0747691
0.0629062
0.0262362
0.0444863
0.249204
0.0180177
0.0364899
0.171046
0.0737081
0.107922
0.0573181
0.152375
0.0563757
0.0518908
0.257708
0.230962
0.0656785
0.099473
0.0382687
0.0934718
0.0900194
0.00530778
0.0346128
0.117132
0.0631881
0.0637419
0.0389204
0.0660575
0.0521314
0.0964632
0.117712
0.048022
0.181145
0.0999745
0.0490997
0.415872
0.12247
0.141657
0.106876
0.0738038
0.112648
0.0406306
0.0488896
0.0511601
0.153368
0.15413
0.0651074
0.0848947
0.0300546
0.076494
0.0674833
0.122982
0.0336058
0.132027
0.0881654
0.0400725
0.044541
0.0460712
0.261735
0.0364162
0.016844
0.0340152
0.0245251
0.034309
0.129216
0.121376
0.0935512
0.0426617
