2.0409
1.96551
1.94439
2.2695
2.01651
1.93451
1.93729
1.92906
2.06827
1.93135
1.92191
2.00681
1.9559
1.92919
1.96353
2.03756
2.10946
1.98302
1.94401
1.95982
1.94982
1.99862
2.2928
2.07108
2.03746
2.12737
2.01855
1.99468
2.00349
1.97993
2.27807
2.06938
1.93609
1.90356
1.98833
1.86604
1.95491
1.9624
1.96209
1.87068
1.67803
2.214
1.69527
1.68745
1.67079
1.68229
1.70496
1.69495
1.65771
1.67826
1.68423
1.6896
1.66795
1.74524
1.69491
1.69135
2.16693
1.6991
1.89476
1.74264
1.57776
1.68164
1.65019
1.66356
2.0999
1.6549
1.66505
1.89241
1.69195
1.65383
1.66317
1.64647
1.69977
1.66821
1.66297
1.89206
1.76671
1.6814
1.64546
1.65666
1.71374
1.76764
1.66969
1.68602
1.66219
1.67153
1.64725
1.67309
1.66391
1.70032
1.6658
2.11297
1.64806
1.62399
1.94828
1.67448
1.69942
1.69802
2.1214
1.65526
2.2051
2.2457
2.3003
2.52079
2.32857
2.80553
2.1904
2.33978
2.23152
2.46149
2.14244
2.13338
2.27391
2.19179
2.23899
2.2618
2.25757
2.27117
2.38764
2.23604
2.74581
2.18886
2.83776
2.26465
2.48382
2.18094
2.30242
2.28921
2.21063
2.34202
2.25088
2.49095
2.25491
3.04404
2.25112
3.14402
2.49007
2.22988
2.19681
2.27428
2.17918
2.2697
2.23182
2.7445
2.22377
2.2169
2.199
2.22673
2.16259
2.19697
2.77377
2.24227
2.13914
2.25312
2.18575
2.2863
2.26157
2.24231
2.22432
2.79831
3.08905
2.21718
2.18566
2.24985
2.18416
2.18384
2.52569
2.31406
2.30028
2.61761
2.27671
2.91495
2.20914
2.33077
2.79
2.21646
2.13274
2.3628
2.20252
2.18728
2.83734
2.16208
2.23606
2.19815
2.21934
2.29348
2.20114
2.48222
2.32739
2.49274
2.2253
2.17509
2.13097
2.23571
2.34002
2.19713
2.16314
2.17281
2.23121
2.19839
2.82724
2.70653
2.70611
2.79319
2.70606
2.94296
2.72535
2.78418
2.71163
3.44077
2.78744
2.89528
3.45292
2.86473
2.5843
2.63929
3.9726
3.0405
2.7255
2.83967
2.99484
2.73761
2.74989
2.71997
2.93292
3.48825
3.1149
2.81617
2.76763
2.96959
2.72864
2.82079
2.80546
3.48399
2.72529
3.02576
2.71586
3.49291
2.70179
2.67992
2.7565
2.83977
2.76294
3.36423
3.21329
3.88355
2.78524
3.11692
2.74092
2.80282
2.90039
3.4801
2.70261
2.67465
2.70634
3.51754
2.8946
3.54655
2.72135
2.71854
3.31306
3.43145
2.68628
2.73063
2.69604
2.74967
3.84946
2.77097
2.92223
3.63556
3.56541
2.72383
2.73476
2.78695
2.7335
2.70154
2.75327
2.70475
3.11846
2.8693
2.88971
2.77046
3.40991
3.40561
2.66668
2.96244
2.73403
2.70023
2.70647
2.78039
2.73058
3.0342
2.77423
2.75609
2.71542
2.68153
2.88007
2.79136
2.78771
2.81172
3.36116
4.96375
3.70958
3.82426
3.30293
4.12785
3.25881
3.39757
3.77765
3.23327
3.70497
3.6401
3.32462
3.32179
3.35024
3.24285
3.26041
4.26208
3.99619
4.61494
3.42182
3.18201
3.4061
3.28715
4.01073
3.21029
3.41325
3.42689
3.25077
3.8523
3.62293
3.35008
3.55706
3.58452
3.96874
3.22963
4.10964
3.43201
3.29258
4.00175
3.23544
3.28759
3.26934
3.19441
3.39048
3.19788
3.36791
3.35998
3.30124
4.39649
3.20591
4.3901
3.20714
3.21056
3.75079
3.44582
3.76798
3.20419
3.24945
4.2113
3.46323
3.29111
3.22774
3.66993
3.27004
3.30728
3.58061
4.24675
4.06415
3.15287
3.22161
3.44862
3.69534
3.71529
3.39849
3.28578
3.34064
3.73671
3.24269
3.2513
3.41205
4.08063
3.64412
3.15758
3.34553
3.2682
3.34852
3.24384
3.34072
4.1004
4.43351
3.16242
4.05808
3.512
3.5408
3.37416
3.24595
3.23118
3.58013
4.27289
3.76345
3.82359
3.79184
3.6708
4.66098
4.62885
4.64344
4.85902
4.21851
4.05536
3.93729
5.42769
3.92577
3.93203
3.8162
4.65646
3.77275
4.6673
4.5932
4.78284
3.71391
3.89779
4.31949
3.93966
4.14546
4.15245
3.89199
4.60883
3.64481
3.75934
3.93754
4.6299
4.31093
3.96502
3.73716
3.84603
4.76317
5.09337
4.57517
3.79583
3.65481
4.01337
4.22517
4.75686
4.6066
3.73888
3.89142
4.16014
3.93991
3.94435
3.75168
3.80302
4.8013
3.56427
3.91668
5.10342
5.36521
5.06619
3.73848
3.73083
4.30231
3.91679
3.96889
3.92844
3.76988
3.85567
3.79478
3.73396
4.03615
5.0089
3.98103
3.97056
4.15249
4.58771
4.07822
4.17426
4.25462
3.72256
3.78442
3.99416
4.26269
3.61968
3.97343
3.94034
4.75924
4.18968
4.60396
3.81635
3.90345
3.7436
3.73503
3.8271
4.66089
3.95933
5.02436
4.17996
4.85965
3.99991
4.55548
4.57233
5.15686
5.25225
4.55892
4.30632
5.251
5.46992
5.4252
5.22466
5.85518
4.49136
4.09587
4.09523
4.66048
4.29658
4.31442
4.1787
5.23458
4.19168
4.3352
5.18789
5.01303
4.49075
4.26882
5.18664
4.2231
4.87123
4.52915
4.79686
4.93527
5.28957
4.46544
4.7297
5.61317
5.64985
5.85638
4.43489
4.40593
4.48589
4.23188
4.877
4.27973
4.61956
4.52552
4.1341
4.95404
4.22431
4.39361
4.2467
4.18898
5.35572
5.19626
4.18622
5.36392
4.18096
5.08494
4.18844
5.08518
5.02148
4.48481
4.65897
4.41378
4.6975
5.81259
5.67316
5.56418
4.79086
5.14019
5.2148
4.51451
4.93242
5.18065
5.18279
4.34913
5.47627
4.76208
5.80402
4.27047
5.7111
4.62776
4.40555
5.28485
4.17998
4.39439
4.50017
4.27879
5.1209
5.31631
4.98142
6.13447
6.33241
4.28199
4.64956
4.88911
4.25449
4.93055
5.76321
5.37782
4.69588
5.06683
5.41011
4.77072
5.1273
5.78755
4.87559
6.36394
5.1538
4.63029
4.97925
5.1008
6.16625
4.7443
5.63829
5.46085
4.90651
4.75044
6.71552
6.11045
5.90319
4.89992
4.92778
4.71913
4.60624
4.75218
6.30679
4.94606
4.82162
5.41776
5.38951
6.08822
4.92856
5.58598
4.94212
5.79631
6.93719
4.84396
5.27845
6.03027
5.25364
4.99479
5.32451
6.79636
4.76578
4.881
4.66849
5.11801
4.70443
5.27957
4.7855
6.0226
5.85087
4.98248
5.26444
4.7248
4.68273
4.92781
5.75117
4.60997
4.98109
5.75884
5.32273
4.53936
5.26099
4.86776
5.16096
5.99762
5.70274
5.20064
4.76345
6.62281
6.92993
4.63388
5.20473
5.09141
4.75874
4.80394
6.09844
6.49518
6.40847
6.42444
7.11851
4.77669
6.49544
4.84733
4.68287
4.68451
4.75286
4.65361
5.20826
4.94899
5.65704
6.02599
6.19909
5.3841
4.70368
4.86349
8.45742
4.8386
4.92161
5.24144
4.75622
6.61646
6.73205
6.34948
6.09151
6.261
5.79483
7.34861
5.14653
5.99304
5.98284
6.11024
6.37257
5.45796
5.8851
5.79636
5.62993
6.84019
7.34382
7.50086
6.0532
5.03481
5.90924
5.3547
5.86228
7.04953
5.36294
5.8707
6.36826
7.71019
7.48464
5.26428
6.34386
5.36016
6.45522
6.74516
5.20698
7.31846
5.18066
6.67765
7.44097
5.03755
6.45134
5.79563
5.0681
7.37942
5.33391
7.60847
5.55395
6.48158
5.84059
6.39579
5.548
5.26092
5.63147
5.47843
6.42602
5.21693
6.95599
7.41073
6.88023
6.01622
5.8506
5.39537
5.37673
6.12396
7.18065
5.32785
5.13368
6.08324
5.77405
5.94069
5.29391
5.27712
6.71027
5.33594
7.80063
6.65851
6.60272
6.77902
8.68721
5.20016
6.33265
6.3393
5.14455
6.43949
5.26956
5.31506
5.89279
8.16064
7.40727
5.09544
5.29538
7.41415
5.28834
6.27892
5.37648
6.90531
5.09153
5.51616
6.68576
7.60525
5.60525
5.73933
6.00405
6.23355
5.67225
7.84701
7.28245
9.63325
6.04029
7.10679
6.32692
6.72309
6.41926
6.04306
6.93204
7.87208
5.68581
7.09586
5.80854
6.88461
6.5113
6.63533
6.98122
8.25968
6.18237
6.16667
5.51358
6.90936
5.50877
5.95882
5.65875
5.78298
5.61224
6.41641
7.9697
5.68279
6.13178
8.03809
5.61569
6.2801
5.68844
6.9835
5.86285
7.74636
6.40635
6.29074
5.64195
7.49939
5.78043
7.88637
6.32394
7.46336
6.32429
5.82501
5.73572
6.73122
6.56053
8.523
6.65661
6.49894
7.98184
6.26291
6.03411
6.35563
5.73014
7.32476
5.74205
5.85355
6.17078
5.50833
8.5418
6.87057
5.88729
5.67584
5.86795
6.1836
6.1944
6.0457
5.42244
5.64251
5.55713
6.38716
6.91308
8.25885
6.79841
6.03202
7.44509
7.24002
6.70403
7.56574
5.86149
7.06946
6.32967
8.08846
5.69003
8.18047
5.77582
5.60751
7.00092
7.91904
6.13057
7.2412
6.96035
9.00016
6.17336
6.13816
6.07449
6.15049
5.95049
6.11617
6.58388
6.67577
6.25944
8.91981
6.19476
7.62095
6.21879
7.34862
6.17682
7.72717
7.36296
11.6277
8.10051
7.80912
7.83565
6.35277
7.58537
7.79558
6.44978
7.41999
7.80444
7.46506
10.3876
6.01744
6.1345
5.93648
6.41473
6.84841
6.41792
7.69227
7.0794
6.74999
6.15962
6.95156
6.97515
7.02133
6.29243
7.65541
5.98651
6.64873
6.6279
7.39172
7.8878
6.10738
6.15019
7.41408
7.89944
8.19977
6.2497
9.25632
8.08085
7.67184
6.95516
8.68522
6.95682
9.03429
6.89392
6.80156
5.93268
6.86507
7.84802
5.83688
9.01848
7.59923
7.59631
6.58776
9.34401
6.94126
7.81302
7.01124
6.37499
8.47516
6.2216
7.05258
8.62039
6.29234
7.59626
8.04562
9.18487
7.85382
7.09949
7.06391
6.28793
7.60082
7.27211
7.02112
8.06003
6.5593
6.51813
8.17854
7.61228
6.92292
7.67131
6.81435
6.91089
7.0043
7.45951
7.60503
8.40149
7.79245
8.49391
7.4165
8.29357
6.50971
6.61847
8.06085
6.94586
9.71335
6.87273
6.64579
6.91916
7.96956
8.98465
9.83033
8.37327
9.32142
10.1044
7.58954
8.53735
8.44986
6.67109
7.54277
8.04747
8.91524
8.08495
9.02919
9.21374
7.53834
9.42424
7.70197
8.22026
6.49821
8.85226
6.70302
8.46492
8.67747
9.45461
6.77307
8.10142
6.70861
7.86829
7.60084
6.36507
6.77634
7.37622
6.53328
9.52213
6.94994
9.03433
10.0507
9.79178
7.33936
7.21057
6.26132
6.76306
6.85372
7.39923
8.45078
8.43366
6.38817
7.65643
7.01516
6.82723
7.41037
9.11169
7.14554
8.26287
7.9907
7.0557
6.50688
7.29876
6.83234
8.85055
8.23688
10.4051
8.22612
7.303
10.6523
6.53661
8.36192
8.25232
9.35519
8.50393
9.27677
7.99899
8.7896
7.54461
10.7008
9.2963
9.46203
7.27364
8.61096
9.91891
11.2328
7.58769
8.49151
9.82486
9.02053
7.53171
9.01152
6.83582
8.01063
8.75717
7.09867
7.38435
8.56204
7.41316
10.2488
10.263
9.4137
11.0622
7.04825
10.7949
8.0017
7.91818
10.4163
7.65762
9.74963
9.63634
10.6327
6.8871
7.42147
7.21557
9.89587
9.18233
8.75308
9.7181
8.68102
8.37618
9.22667
9.07197
7.25162
7.24533
9.72943
6.91144
7.673
6.88946
7.42244
9.49291
7.25778
7.28227
11.4288
8.69042
11.4024
8.27964
9.16763
9.14536
6.8848
7.8029
7.91624
7.05504
9.0337
8.18926
8.0345
8.28327
8.00657
6.88291
9.27323
9.85693
7.91105
8.53447
7.12215
7.34818
7.83773
9.1262
8.09161
7.20644
8.2927
10.1394
7.68711
7.08902
8.47144
7.0563
9.08159
7.34395
9.87097
10.5
9.47569
9.15399
8.77078
9.32345
9.03278
9.4209
10.7693
9.15271
10.2963
9.75043
9.44361
8.77384
8.37148
10.3925
10.8335
9.24768
10.3491
9.35244
8.37958
10.4256
8.9376
11.234
9.92083
10.6888
11.5226
8.6756
9.07356
10.5302
7.79726
8.14527
8.07427
10.6011
8.87088
9.99091
8.57994
11.5954
9.95126
8.1704
9.79842
10.7539
11.3975
10.9781
10.6431
11.5462
10.5182
7.76916
9.84388
9.49134
8.52832
8.88694
7.79538
10.6595
8.06738
9.70537
9.58041
9.47321
13.3729
10.0982
9.59699
10.9345
8.58417
9.20107
8.3093
8.32555
8.78108
8.66147
8.09575
9.2231
9.31737
8.17233
7.74756
7.96827
7.57927
11.0966
8.75755
11.7173
7.73228
7.50137
10.8253
7.4935
9.06951
11.0242
9.13619
9.65205
9.69985
8.41254
7.76398
11.759
9.13656
8.81937
8.19667
11.1068
9.15271
7.49153
7.81962
11.9062
11.3995
11.6559
9.54367
10.9285
9.9944
11.58
11.2261
10.0722
9.50549
7.54374
9.58121
9.29852
8.40839
7.85195
8.13611
7.61413
8.77665
12.136
9.71228
10.0928
10.0647
12.26
9.97462
9.98277
8.51589
9.48175
9.4108
8.73074
11.7195
10.3321
10.4942
10.7922
9.80439
12.282
8.10058
9.84191
12.6027
11.0399
10.7941
12.3633
13.0197
8.8515
9.65643
9.90864
8.11556
8.5445
12.8181
9.14144
9.32583
10.3155
9.59956
8.58666
8.36298
7.71474
8.89938
10.3304
8.84752
11.8569
10.6924
7.64095
8.72496
13.1884
7.95514
7.76064
12.9048
9.32308
10.0329
10.9253
9.79354
10.27
8.94544
9.9001
10.5883
10.8704
11.3085
10.6349
9.09648
10.2453
14.8351
11.9419
11.4783
11.2527
9.18319
9.45591
12.0732
9.7059
11.228
11.652
8.56942
9.47693
11.1927
11.2836
12.6298
9.27652
8.65896
9.03137
11.9072
11.0111
10.1072
9.02074
9.42257
10.321
16.5389
7.94893
8.11803
9.08444
9.27723
11.0925
10.9951
10.7774
10.367
10.956
11.422
8.2483
8.73926
9.81567
8.95949
13.4295
8.716
14.4673
9.99623
10.8205
9.75873
12.2719
8.38237
8.33557
10.177
11.2846
8.96504
11.4809
9.93113
11.1815
12.0105
10.1565
8.97724
12.0679
10.1257
13.2681
11.8841
10.0293
11.0201
11.8014
11.6055
11.8958
8.95937
11.8575
9.46778
12.1286
10.163
10.4924
11.6101
9.47848
10.8246
10.1266
9.33637
10.1695
13.2533
11.0502
13.3841
9.31323
9.01748
13.0913
12.4438
11.0515
10.3513
10.6416
10.655
9.49785
10.3497
10.0905
11.9616
12.364
9.82139
8.44047
9.53295
12.2015
11.3642
9.42288
10.8244
9.12398
11.559
9.16304
13.2597
12.64
10.0197
13.8238
14.5465
10.6363
10.2878
11.5909
11.2373
10.1909
13.0352
12.5681
8.97215
10.908
11.6144
12.225
9.23803
10.2694
9.71501
12.4347
9.49281
9.93871
10.6853
10.3726
8.96917
9.3489
11.2464
12.8803
12.9275
9.94594
9.17221
10.5564
13.576
8.84145
9.37683
13.2042
10.2133
12.8943
10.6101
13.7485
10.3572
9.40797
13.8276
14.1603
11.2305
10.3229
11.2123
13.0793
13.5967
12.8352
9.80327
8.8238
10.183
11
10.4912
14.2587
10.2991
11.8008
13.3243
11.407
10.985
13.689
12.5358
11.5535
13.2278
12.9802
11.5028
12.3253
8.7151
9.43403
10.5655
10.1104
10.8834
10.4705
12.5181
10.9437
12.0569
11.1629
10.3558
12.1041
14.4426
13.8658
10.5945
11.6943
10.3908
10.2567
15.2633
10.8211
12.1519
9.65837
11.8648
14.1519
10.4294
11.1923
11.6758
10.063
11.1094
11.2973
13.2684
9.60615
13.5071
12.5818
12.5635
12.2039
9.38751
12.3771
11.6039
12.9409
9.90865
10.8783
9.52617
9.77656
9.66558
14.7156
12.6881
14.2586
10.6138
10.0458
10.0689
15.2876
10.1608
11.4251
12.9749
10.6817
14.6178
12.7185
9.78129
12.5339
10.0243
11.9087
9.47499
10.1446
10.6868
9.80388
10.033
14.197
11.481
13.0682
14.0219
11.7218
11.6135
13.8805
13.5034
11.7419
13.6211
11.4205
12.6897
10.3117
12.3864
14.7191
11.672
10.229
14.7653
12.2316
12.4885
12.8505
12.7245
13.4142
12.3957
12.2898
10.5117
12.6535
12.7479
12.9132
9.65344
12.2263
11.7936
11.7318
14.6651
10.9563
10.8752
13.3912
13.0173
11.7721
11.2843
10.4161
12.7411
9.80659
13.4947
16.8557
17.4716
12.539
11.2218
9.15311
9.19625
13.0842
12.1805
11.5423
10.768
11.8062
15.7632
9.78626
14.946
10.8526
13.6613
10.4834
13.02
13.8033
9.34047
15.0761
12.3129
13.7291
11.4864
13.2243
11.8235
11.4209
11.3266
10.504
14.3492
12.6039
11.0079
11.6651
9.64872
14.1553
14.0109
13.9766
9.53179
13.8844
10.9789
9.61919
9.41117
15.9403
10.4344
9.18076
13.5632
9.75627
10.6599
14.5941
12.452
11.501
12.1033
11.6912
13.8884
15.0411
13.5321
12.1803
11.8035
14.7295
15.4956
12.7171
11.2584
13.4503
12.8028
12.6842
12.0762
11.9095
10.0116
14.5693
13.0394
12.3098
14.0497
14.5658
12.2652
12.846
16.2123
11.3492
12.9303
12.0606
11.1042
11.3184
14.9596
12.8659
11.2113
11.9015
10.1181
13.5802
13.1227
11.3344
14.2977
14.2842
11.5764
11.4425
11.2971
13.8767
13.3941
12.0089
14.5106
11.7608
10.9924
10.4843
15.2907
16.869
13.1598
12.8647
13.1382
9.89067
13.9129
10.288
12.7389
10.2083
12.9227
16.4495
10.0843
10.435
13.7674
15.2981
13.319
13.4207
13.459
15.8295
12.8634
10.3217
11.6607
10.5708
15.9874
13.4169
12.4937
14.5285
12.4397
11.6989
14.2593
10.9536
13.1615
9.84989
9.71968
13.7826
11.6998
10.552
14.6183
9.97701
9.62765
13.9294
11.6272
10.3267
15.4972
14.1191
12.5706
12.7126
14.9743
14.6557
12.135
11.5006
10.8468
12.7161
11.5935
11.4513
10.5922
11.8922
13.4107
12.6628
12.2394
13.6374
13.5046
12.4734
13.5542
12.5385
13.7663
13.6141
13.8697
10.3905
13.0908
15.4811
16.1614
10.8798
11.8743
13.2827
10.4051
13.3357
13.7474
12.5098
11.9707
10.9239
12.81
12.8242
13.6258
12.624
19.0009
15.1322
16.5488
15.3168
11.3874
15.8133
12.3134
14.9187
10.9713
14.5589
11.6093
12.0189
12.7076
11.4651
12.9118
11.2426
14.5212
14.3542
15.3352
11.8228
14.365
12.5966
16.8579
10.4039
17.6707
11.0179
15.1286
11.5053
14.2894
12.8515
13.2721
12.7952
18.4737
11.613
15.4776
19.2107
19.3178
14.2133
14.4622
11.1404
15.948
10.2222
13.9637
10.3969
16.3983
13.2664
13.2509
16.2773
11.5792
10.737
10.2015
15.6743
14.1322
14.1997
11.2867
12.2578
12.0368
12.2871
12.6024
15.7182
13.3297
16.0798
13.0613
19.3872
13.2466
12.0659
13.9967
13.3129
11.043
15.9912
12.9623
12.5693
11.6638
15.9746
13.9842
17.121
16.0801
14.5481
16.7403
14.8487
12.5791
11.9698
12.17
15.5804
14.5665
14.0946
13.8228
13.0672
14.7672
12.0973
14.0069
11.9779
13.0777
14.7237
12.0674
12.7919
13.1928
15.1291
15.6765
15.5753
12.07
15.8864
11.8366
16.489
15.7926
14.6851
12.2646
13.8087
12.5084
11.5907
15.6204
15.5275
12.652
19.4448
14.9796
15.9776
11.6342
12.8236
11.4179
11.433
14.0753
14.4829
12.4392
17.3535
15.2122
11.8388
19.4208
13.8759
13.4551
14.6166
14.335
15.4159
16.1864
14.7292
11.5641
18.0688
15.5931
12.0843
11.1528
12.8858
15.6175
11.5718
12.1539
13.8864
17.3819
17.363
15.3219
10.5804
13.4156
13.2522
11.1543
12.3603
14.7857
15.6335
16.2357
16.4111
11.0485
14.7503
14.2217
13.4132
12.4492
17.1317
16.7029
16.6221
16.9207
13.5004
11.7775
13.2
17.7583
13.8835
15.6014
16.6886
12.1658
15.2034
18.2762
13.0157
17.303
12.6093
18.8263
16.7725
13.7835
16.6492
17.3102
14.8974
14.4364
18.2135
15.202
12.5837
15.3375
17.4116
15.5435
16.6362
16.5212
13.7533
23.7286
18.1693
20.4678
15.5038
11.938
14.6749
15.7663
16.6753
12.3889
15.8604
16.8461
16.4511
13.1392
14.4353
17.8369
14.4393
14.8618
16.3185
15.0467
19.3168
12.4441
13.6445
17.6283
16.1724
12.3417
12.0465
19.9403
17.2694
14.7036
16.7942
21.7141
17.0383
16.6998
10.948
17.2603
16.1237
11.8854
14.6871
13.8483
13.9801
19.397
14.3017
18.1275
15.9227
19.4698
14.6729
14.1708
12.3529
18.2179
13.4389
14.5033
16.3989
15.2997
16.2413
19.3498
12.4944
13.7769
16.1646
19.923
11.458
15.5031
14.0444
17.5227
17.402
13.4362
18.705
14.4589
14.0432
12.7776
15.1164
13.4374
14.8135
18.2164
14.5732
15.8704
18.0978
12.8659
13.2556
20.6578
19.7506
17.251
18.3985
14.6964
17.4083
17.3268
11.3787
16.6093
20.9004
14.5672
15.1337
19.0704
12.809
16.4451
17.7319
18.2087
15.2791
13.7448
15.4987
16.6124
15.9206
20.1072
18.8253
23.1853
16.6884
18.201
13.2896
16.1979
13.6327
13.5951
23.1122
14.2726
16.8012
14.5811
13.7928
19.1028
17.7397
14.0873
20.8941
15.2117
12.2788
15.9164
11.7034
17.1998
15.9729
18.6093
15.6143
18.7583
19.2339
13.8933
18.717
16.1204
18.1654
19.5631
14.5794
12.5355
15.5682
12.8417
19.8885
16.8554
16.9831
14.2773
14.8373
15.3692
15.1116
12.5789
20.6701
18.4551
16.3308
14.871
12.9584
14.7638
14.1725
11.2956
15.1741
19.4353
11.8962
15.325
17.1442
11.5635
12.9504
14.9264
16.5986
13.0366
16.7215
15.7699
17.1537
19.4782
14.8834
15.6549
16.5409
14.9915
13.6139
18.3348
18.3216
12.7341
16.141
21.9464
15.286
18.645
12.0682
19.0056
14.1799
20.1021
15.8582
18.8432
15.9158
16.5288
18.7779
16.3899
17.5252
13.6985
20.605
21.345
16.1494
26.9237
20.1706
19.2397
19.276
18.6135
13.0471
15.6844
17.2072
13.6492
16.3613
13.7311
16.7541
18.6069
14.914
16.0058
13.668
14.6119
13.2382
20.155
16.2138
19.1545
18.8888
17.382
14.2435
16.4274
18.1384
13.9907
22.0008
19.1998
13.302
15.1292
18.1423
17.7325
17.8842
14.8584
15.3761
14.5062
18.0088
12.993
12.5363
18.2975
14.6489
15.6049
15.1435
26.1102
16.4146
16.7556
20.4363
15.982
14.7122
16.441
17.6037
19.8492
14.2539
19.4822
18.4092
17.082
17.4529
18.0637
20.1097
16.2099
15.5517
13.9578
18.6362
14.0335
17.8453
22.5759
17.9565
15.8035
16.878
18.8344
17.6267
18.2263
21.3129
16.5868
22.7792
16.803
14.8058
18.3048
16.237
19.0345
13.8739
13.52
17.7047
16.8887
15.2193
22.079
14.5491
14.7116
14.2865
15.806
15.4761
13.7382
17.9715
13.4121
12.6774
14.4657
14.6727
16.0224
19.7093
22.8693
16.5098
15.0387
16.6244
16.8718
14.3404
18.1984
13.2214
14.4395
16.8791
18.3604
14.0262
12.1756
19.1861
16.9901
22.3505
16.243
19.3763
19.7134
17.4896
15.424
18.0238
14.0147
19.392
16.0596
17.0241
14.6754
15.4305
26.2668
17.5784
25.4708
16.738
18.632
16.3833
18.9312
15.9639
22.2833
16.8403
19.1571
15.7494
13.221
12.8063
18.1746
20.5513
13.555
14.0796
18.4656
13.9338
16.1782
16.0296
18.0912
14.1711
14.4014
13.3953
16.2586
13.8241
16.247
13.9684
16.6624
15.1844
16.4303
25.8783
16.5577
20.9025
15.2112
13.7936
16.178
19.1879
25.7042
14.6436
18.7329
18.4162
18.7762
16.921
16.6663
17.5359
14.8039
23.8612
14.9167
17.5341
19.4244
18.1224
20.4898
14.6687
16.4209
17.9818
26.1998
20.7892
24.2436
18.605
18.2645
23.6601
19.7218
12.8046
19.1608
19.0976
19.5101
19.7775
17.75
17.9895
20.8918
19.0188
16.4469
19.5104
13.9545
14.7941
14.0177
16.138
23.397
16.9938
18.3163
16.2967
16.6639
14.3019
14.9807
18.0158
19.1863
13.6467
15.3796
14.842
20.1162
19.4142
16.7448
21.0139
20.8626
16.4795
24.0903
18.971
15.7853
16.3601
21.354
19.0695
21.8005
17.0126
21.9155
20.2981
22.547
15.5418
14.5611
17.0796
15.4571
16.126
17.9738
17.6561
20.8547
16.8242
17.2241
15.5922
16.6907
16.8659
18.3377
14.5276
18.5908
14.5573
15.4651
18.8721
21.6427
16.2744
21.637
19.1147
22.4029
14.9803
21.6318
16.9055
16.4594
14.6176
14.2701
15.9599
19.5065
20.0343
25.1016
24.1827
17.4999
19.1808
16.9087
13.6531
14.5906
17.8711
17.7981
19.9845
20.4167
22.8041
14.7482
15.9166
17.5813
21.9415
17.4759
18.7569
23.2404
16.4767
17.7453
15.8527
21.8053
17.5519
21.049
18.869
23.2137
14.9552
15.1585
22.3684
19.3513
17.6367
14.6647
18.8344
16.0827
22.8044
19.9831
21.9078
17.8892
18.5907
16.9684
15.845
22.6489
20.9656
20.7394
23.0164
17.1927
22.276
22.0085
24.588
15.3698
18.2885
16.3591
22.3654
15.1199
17.1224
16.1879
19.1808
21.6652
15.8627
22.1962
22.0311
22.8781
21.1131
17.9161
16.7612
18.7041
20.7913
17.0619
20.1121
18.4701
15.8797
17.3024
18.4039
23.2642
24.1819
20.6695
14.9522
25.98
16.7961
25.1581
18.2761
21.4064
14.6531
24.1828
16.4859
25.5524
24.3492
15.4506
17.9974
16.6289
18.1477
22.4757
19.4575
23.3671
15.4446
24.075
24.0008
14.6115
20.9959
15.4718
18.3281
20.4619
21.4334
16.3012
16.9422
20.0052
17.9163
19.8152
20.6742
17.6036
19.0021
14.7678
21.4949
16.9982
19.1029
17.583
18.1402
17.6236
18.0748
16.939
15.459
16.6012
17.5658
22.999
18.1032
17.6338
21.1043
26.5103
26.7382
20.9865
20.3693
17.1858
22.0219
20.1715
19.393
18.7772
22.2612
20.253
16.4427
20.3689
20.1822
21.4887
19.1605
17.3954
19.0936
21.0329
14.4153
18.4627
16.2882
19.3616
18.8279
32.5112
24.2474
21.5508
19.3267
20.8107
24.7682
23.9357
19.0762
14.8221
21.6513
22.8006
19.574
15.3396
19.3459
24.4149
22.7388
23.8191
21.8536
22.7334
15.3111
20.3485
14.7906
22.956
21.0146
19.4403
23.4741
21.5543
19.8227
18.733
20.8396
19.4446
19.3155
24.5506
21.4907
19.2549
18.4448
19.9646
21.7616
16.8537
20.8052
17.4517
16.6253
19.2733
22.3562
19.1869
17.6586
23.0928
13.7227
17.7848
21.4908
20.2067
16.0545
20.8732
26.7622
23.3485
21.9211
18.4787
19.838
19.9722
20.2371
26.821
22.6969
21.8451
20.0158
20.5397
19.9523
18.6648
17.8888
23.9642
21.879
24.2716
23.8688
22.8343
24.9376
18.9385
21.4529
22.6227
19.0926
19.0154
18.4646
18.6183
24.275
25.6307
20.6235
18.8376
16.4502
26.8254
22.2322
22.1836
30.1746
22.7581
18.1495
16.6981
17.7088
18.4707
27.1125
20.5313
20.3739
18.6693
17.2297
17.3561
17.613
20.9721
18.8633
21.0156
18.3703
26.6578
25.7005
27.3719
20.2516
21.582
20.6835
30.3771
23.0695
23.3271
24.8234
26.8683
24.2873
17.5266
22.5514
27.1848
22.6539
31.6898
20.489
24.8076
19.6167
24.0855
22.2636
26.2325
22.9515
29.5856
26.8511
27.0873
19.1184
33.094
20.177
27.4318
28.1773
26.7634
21.4501
26.0112
24.3173
23.0313
27.5879
23.63
23.061
19.4801
18.2614
26.2198
19.3582
30.6771
26.6501
37.3125
29.2697
19.7346
21.79
24.5794
25.6986
27.1766
23.9584
32.8635
21.1891
38.3152
29.7288
32.4144
23.8123
21.5186
19.8298
19.2362
28.0897
21.6988
22.7412
24.4191
24.0987
23.9413
22.6049
20.9872
23.9643
26.9592
21.0094
30.4566
23.8395
22.9609
22.9727
24.3404
31.7344
24.7495
26.1897
27.8363
28.1067
26.6413
35.0101
29.6628
23.7487
26.5994
25.0147
31.1067
19.5999
21.2075
24.0111
25.214
23.1841
28.5367
26.4461
21.1081
21.3982
28.8998
25.8226
22.7514
20.1716
26.3144
20.014
27.9835
20.4183
26.5777
20.0278
19.0399
27.4542
22.659
30.9223
21.9261
22.3856
18.9721
25.569
22.2667
25.7374
22.754
22.2171
22.9122
19.0337
21.7181
18.4255
23.0013
23.0843
22.7202
19.5132
24.1678
21.8586
20.326
24.5242
24.7549
24.0866
21.2433
21.3574
25.6402
32.0295
33.7859
34.4744
18.8786
23.1143
19.2543
27.3373
22.7352
21.8249
21.5595
21.3848
24.0781
23.5446
19.3014
20.778
22.2965
18.2552
21.0406
20.8891
17.6572
25.327
19.9254
20.4157
18.9196
26.7699
28.4162
20.4182
22.3125
22.3037
26.9998
27.3775
22.4564
19.8963
23.3375
19.221
20.2546
18.4451
16.7066
19.5163
27.046
24.3562
26.5129
24.46
17.5087
22.8066
28.5578
21.8308
18.3947
23.3332
17.2401
20.4667
22.1815
23.9845
22.1551
21.5809
16.7167
21.4772
26.3976
22.5865
24.4368
20.2331
24.0793
26.9202
19.7103
22.1662
25.3384
23.4757
25.8853
22.5793
21.1159
22.7695
30.4126
22.0351
20.5333
20.4993
22.8941
23.3503
23.1316
30.5785
19.7703
18.8883
21.1168
27.0561
25.0783
22.7479
23.539
17.1425
25.1059
23.394
19.0375
26.729
20.0284
19.5992
20.4919
29.3686
19.3877
26.3941
24.7207
20.4382
22.1235
25.4868
27.421
25.7693
20.4178
17.9516
21.954
19.219
23.4875
22.4218
20.2819
20.5145
17.5229
18.7185
24.7171
28.0687
19.5814
22.5346
23.4992
21.7483
18.3535
24.9121
26.4365
28.3522
21.414
20.9863
20.3786
22.9443
26.3547
28.5084
27.2869
25.7853
25.0784
23.0734
24.6302
22.3988
18.9814
23.8555
16.65
24.2008
21.1434
21.8041
21.5131
25.773
27.1601
23.3501
27.6277
27.2056
23.9097
26.2927
18.8623
25.1288
24.3138
16.9071
23.0673
24.6501
23.8266
25.213
24.4222
18.6535
30.8114
19.5302
24.9857
27.346
22.9847
22.9471
19.4685
18.8626
20.4336
20.8821
30.5655
29.1239
24.08
26.4044
22.1746
19.4268
23.0297
22.235
26.3087
21.2836
17.4437
25.9706
20.1905
26.0724
24.9436
23.5339
19.8087
22.3588
24.2503
26.7527
21.7136
28.3286
22.9758
28.1439
21.3788
24.2111
20.5901
20.8276
26.5888
24.7393
21.6543
26.9333
19.8653
22.5466
17.462
17.9908
25.3483
28.7406
19.3523
25.7707
28.9338
24.6292
29.8555
21.4697
21.2192
20.0858
25.5142
21.3213
26.2042
26.5882
23.4494
28.2242
23.8029
22.9012
24.8513
26.2593
23.7204
27.424
29.5239
19.6507
22.7168
25.2543
24.371
18.9435
27.3893
20.3924
22.5705
24.1377
31.1682
24.8015
29.5614
24.5957
31.1775
27.1642
22.3197
24.3743
25.7165
27.1049
28.3063
21.4484
24.5079
30.9539
21.4077
25.1504
22.5729
21.5058
29.3986
27.0201
24.4323
19.426
24.5942
24.8057
24.4806
31.1145
23.7668
26.761
37.9773
33.0129
32.4774
32.2673
24.1426
26.5088
19.8708
26.9095
25.4348
34.099
21.877
19.9643
24.1106
34.8419
22.7296
22.3149
23.8708
27.763
26.4721
26.7045
28.5812
23.4812
30.3255
28.1307
25.75
33.791
26.6013
30.7713
23.8118
20.9599
30.4331
23.4208
24.2231
22.5969
29.8499
33.8325
30.5306
18.8626
16.0871
25.3191
34.4402
18.2065
22.2351
23.6344
34.8403
23.4517
26.0658
23.3086
19.4432
24.4958
32.0881
27.1508
21.1426
25.7053
26.4414
18.2949
25.8434
25.3754
20.019
29.8349
26.615
23.1898
17.2039
21.2037
21.2207
32.7205
24.276
24.2924
24.8155
18.4023
29.1951
27.3209
24.6525
28.2639
26.9144
22.5418
16.7248
25.2506
20.4568
27.8191
23.5042
25.0136
21.1703
25.6388
15.6103
22.5645
30.6349
22.6825
20.0914
23.3952
36.0258
25.8103
27.423
23.2376
22.1015
21.4689
24.675
17.9776
26.151
25.0407
29.2309
27.9388
24.8377
24.0957
26.5254
23.5872
25.122
24.5842
25.5932
21.1852
26.4846
28.3264
27.2912
22.5767
20.4558
26.5355
21.5192
27.8036
28.242
25.3725
24.7873
27.6007
30.6725
25.8972
19.7989
27.7634
27.9402
22.8318
28.822
22.8515
18.964
30.2432
24.4814
23.9861
23.5073
22.4314
19.0224
24.0658
27.9694
25.8652
26.6284
23.0148
19.5604
23.3285
20.9661
22.2974
18.6126
23.2571
34.1577
21.7023
19.4982
16.934
27.6575
21.1368
34.1809
26.9207
33.1825
25.9464
27.4169
25.742
32.5281
25.9942
29.1326
36.6095
26.1923
24.3543
27.2136
25.906
20.9354
22.686
31.4876
18.9417
21.0534
22.863
31.9054
23.2041
22.4715
24.2792
18.7002
23.0305
32.6175
27.8959
22.2876
26.1423
27.9402
27.5589
26.7951
23.4681
24.3431
25.0399
18.8691
28.852
26.0733
28.3007
33.9294
20.5181
16.9108
21.2857
24.9763
29.5567
27.6575
19.7353
21.5863
27.1071
32.9591
27.0136
24.2436
22.65
23.9154
27.0038
24.52
29.4011
28.4816
25.8209
19.7671
20.2765
19.3746
25.1958
22.4959
26.5113
26.5277
28.2526
24.3446
22.8009
25.4699
27.2203
25.794
29.9987
21.3533
28.8121
27.0841
18.3431
23.3898
23.5225
27.4989
29.3433
25.4426
24.45
28.9384
26.5286
23.7963
21.1747
26.3798
31.3304
27.8311
22.5973
27.1629
22.0149
32.4657
25.7109
29.1663
28.604
35.6017
19.359
31.1151
27.0999
30.1589
26.5089
24.7813
34.4418
22.1973
20.7242
26.3907
27.2767
26.6005
31.5305
25.0889
25.878
30.0259
32.4417
32.0573
24.7577
27.39
21.347
27.2307
36.2216
25.4628
26.2191
18.2876
25.202
23.6958
25.8295
18.7044
30.9236
31.4622
29.919
31.8559
26.7897
31.0559
21.1537
27.4915
21.8434
19.6783
28.4722
28.6088
23.6102
29.291
20.1904
26.6341
25.4696
29.8112
30.792
31.0407
33.0369
29.9783
42.2398
21.5205
22.3364
21.5138
24.4936
23.6824
31.6364
35.5736
25.8753
22.9632
22.2206
34.2768
29.7139
23.3745
31.0946
21.4331
24.591
33.0793
30.7636
23.4244
22.4523
32.3789
31.2453
32.5624
32.2972
26.0749
24.9297
37.6652
29.7948
25.9027
22.5199
20.9395
23.0835
26.7663
27.366
28.1054
24.9564
26.2045
21.7326
19.8914
26.4709
21.237
27.0598
27.3575
30.5737
24.6341
30.2617
20.7982
25.3658
25.3314
26.7801
27.8052
23.4382
36.1559
34.059
29.4198
30.8362
30.1675
28.524
30.9765
22.2742
20.5166
28.8603
30.1923
24.4028
27.6272
24.3433
28.3475
29.9735
27.1425
27.3107
32.7135
25.546
31.7463
23.0298
27.5587
26.1918
29.874
26.825
22.9491
38.2212
28.5214
33.924
22.0419
25.7339
22.6361
25.3721
24.5035
24.9822
25.3171
23.6039
18.2757
32.8059
24.3953
29.9126
25.2807
30.9892
26.5918
31.7927
24.4906
22.8443
26.3241
19.8953
31.1737
25.5603
22.4236
23.7482
24.5745
23.4962
25.9772
27.1709
26.2994
26.8835
27.4191
33.6228
27.7543
21.0779
30.2806
22.8208
37.864
30.099
26.4269
33.5076
25.7449
20.4956
26.9536
23.8177
27.5537
29.4484
27.2404
28.0166
34.1525
19.4149
32.7323
28.4877
31.5017
22.5748
28.2667
27.3387
30.9337
19.8335
34.4097
32.2697
28.9113
26.536
29.4632
23.569
20.4565
31.7429
27.8483
27.6604
31.5014
22.9923
31.2304
35.9426
32.0755
34.886
24.158
31.0709
30.0431
26.5151
30.9708
28.521
27.3888
34.9849
27.0732
23.1352
24.2161
26.3301
29.1858
26.4473
22.3339
22.4726
20.411
26.1481
28.087
28.9889
31.5422
24.1999
26.3939
38.4704
31.1195
21.0819
31.2719
39.6883
33.9388
28.9452
23.6502
30.348
25.7656
26.5956
26.198
35.4871
30.8581
30.9244
34.2949
28.9957
29.0117
30.4731
23.41
26.1985
34.0063
24.2642
24.9162
22.1854
33.3534
30.0864
25.1382
33.5917
29.475
28.9596
32.1044
22.6662
23.882
27.0687
29.1668
27.5387
20.2376
25.2265
37.6823
22.7058
25.4464
29.058
30.0637
27.4154
30.1119
26.2677
33.2806
24.6158
31.0211
30.3247
22.4722
39.2077
24.5033
28.3665
30.6405
26.4458
33.821
36.7129
26.2532
36.8491
32.0414
27.4296
32.7183
20.6089
30.5324
26.6192
39.7879
29.0948
27.4374
21.7624
28.8769
32.1697
30.2801
32.4121
32.8215
19.1239
33.9815
29.6997
33.2721
23.488
28.9315
26.1853
31.9543
35.7046
26.5852
22.4469
23.8416
25.1409
41.8178
30.6828
23.9958
31.6402
21.879
28.1546
29.924
34.8951
27.1251
24.445
30.0431
23.3819
19.6558
26.9478
26.637
22.4525
28.9452
22.2824
29.8468
33.7279
27.7705
23.4862
35.4969
30.0356
34.0264
33.1586
28.6583
36.8364
25.5344
50.3905
30.0002
26.6836
22.7014
35.7648
31.663
29.8512
29.5507
26.7893
30.9978
35.0993
28.0994
25.7731
30.1506
31.3622
23.6701
32.9775
21.4378
28.5637
21.3476
29.037
31.9572
26.12
29.0929
28.1204
24.3952
30.4246
28.8522
32.8676
31.5685
36.6972
32.1138
30.9592
22.0961
30.263
34.9069
25.6221
24.4392
27.6174
37.5939
28.407
30.6251
23.2567
40.2155
28.6576
30.0059
30.0176
32.6257
23.1705
24.5751
30.657
26.5238
37.8019
30.1246
32.1061
30.6322
29.2307
22.4759
31.8672
36.7554
24.4627
21.6775
31.0444
23.7042
24.472
32.3096
30.5903
25.0122
30.0835
29.7304
29.8994
29.6956
36.7886
29.7533
28.662
38.8629
27.9118
30.6488
36.8105
28.1936
33.2734
28.4719
23.2304
36.176
30.0481
31.9914
34.6139
29.0255
25.2051
31.3232
28.7723
24.2513
32.1264
28.7973
25.3529
23.3333
27.8027
37.3157
36.423
33.2211
32.2868
29.7417
31.4111
30.4037
31.4394
24.4591
22.1245
27.1647
34.1149
31.1378
27.5759
28.3045
27.4772
31.2154
29.1559
28.9735
25.133
31.93
38.3535
36.099
43.7532
41.3814
32.0782
25.8169
25.8889
27.1067
33.9646
33.524
24.9332
30.9778
30.1404
27.5962
26.5573
26.6647
22.6563
28.1603
31.4012
25.4165
33.2538
28.3123
30.1491
32.8995
27.1938
30.4554
27.4227
28.964
38.2915
37.4692
26.162
34.5236
32.3295
34.3293
30.5997
35.5762
29.3984
36.9057
26.8708
31.7197
26.0187
37.319
38.0502
37.0133
39.8405
36.7322
25.8483
32.8848
40.4208
32.4798
28.963
29.0857
31.3253
40.214
29.079
26.6164
29.9701
25.655
29.4936
27.3184
28.148
28.7777
22.3582
37.6998
30.776
25.4937
31.8117
25.44
32.2038
23.8944
29.8185
33.005
28.7786
31.5469
35.2214
33.8597
28.4573
25.0617
33.5614
34.5797
23.7714
34.2173
41.6756
35.0615
32.5603
43.0097
29.2289
40.5166
40.3521
32.4316
37.2355
23.101
36.0345
23.7021
33.6484
25.3757
29.5873
38.4897
27.0124
30.4921
37.1227
32.5048
36.6366
32.8175
37.4357
28.9522
29.4482
28.1621
32.8764
27.8451
32.4132
21.1836
36.007
39.4476
23.6791
28.9726
37.4599
28.3613
28.1138
36.0229
35.0492
25.1446
33.534
37.0295
32.9726
24.4363
22.6999
30.9311
33.5814
31.5582
34.517
34.8216
34.0457
33.4369
25.1267
30.3951
20.7537
31.9093
30.4122
30.1308
41.8847
27.303
37.1987
30.7509
30.6255
42.7992
43.0138
34.8648
36.9049
24.4889
32.3277
24.4351
34.2323
30.7499
43.2643
38.5548
37.4574
36.7574
48.8682
25.1529
32.8614
29.3137
36.749
34.5375
29.5671
29.648
31.3611
28.4561
28.8546
34.9548
34.5202
35.4458
35.6273
38.886
32.9987
34.7743
26.2311
32.459
42.0824
37.913
24.8452
32.4866
37.7028
38.1139
33.3498
36.4752
32.3503
30.6143
37.482
28.0766
38.5764
37.2995
31.4235
35.6082
31.7192
25.0727
38.9994
31.9178
28.3432
28.0894
29.174
22.5477
37.6116
31.2488
37.5483
34.6835
31.7563
38.7298
34.8242
32.0123
26.8229
39.683
26.3041
41.5517
34.6803
23.5552
36.5702
30.1655
36.2386
30.9684
27.8319
35.2354
26.832
31.4264
29.8955
29.1949
31.5247
26.059
35.1799
28.902
29.0104
39.636
29.4321
29.9586
39.4532
28.1052
35.5969
31.9294
29.4144
43.504
26.771
30.1574
39.4767
38.2951
35.1167
33.4301
30.0584
34.6728
36.829
35.1755
39.6389
25.1893
29.0028
34.2596
34.3161
44.8137
25.612
32.1131
36.0704
39.1326
34.3733
32.8446
32.9268
27.6551
34.4202
42.6525
32.6778
35.5179
42.9633
32.3305
27.5207
38.8497
31.5941
33.537
32.2084
23.5045
29.4874
36.0196
26.5563
31.4411
35.6037
34.2869
34.0438
27.5785
27.1071
41.4035
29.1341
36.143
40.7616
32.5593
34.7429
28.8755
30.4265
30.848
32.9743
37.6494
25.3205
29.1933
30.4547
40.686
37.6523
43.2956
34.6227
40.6663
36.5584
30.2535
35.4821
33.0657
38.6055
34.8053
36.7729
43.0001
26.9202
35.176
38.5934
32.9239
32.6461
31.5219
35.8063
30.5022
31.954
28.7149
32.8366
41.5841
39.5549
31.1453
22.4199
36.42
29.6133
40.3499
33.0271
47.7035
30.1711
28.7705
31.7188
33.1927
31.6313
35.7559
50.45
35.7573
47.9192
32.7015
39.5949
32.8852
32.096
27.7487
34.075
34.7969
35.9776
29.1853
44.6573
33.0564
32.9332
32.8361
35.9975
42.2345
32.0148
33.9557
25.5872
26.3945
31.4043
46.0513
29.4746
32.8006
33.3028
32.1631
28.0188
32.9871
39.0574
51.6983
27.2583
30.4554
38.6903
29.0945
42.9661
31.018
34.0934
41.9267
39.2708
26.5857
35.2808
29.2765
26.8251
36.592
32.6149
29.8432
36.9218
32.3017
29.3847
39.9473
38.4065
39.7291
43.839
25.0519
33.4736
35.6649
34.1819
26.0797
29.9966
29.907
26.1877
34.8625
35.4917
28.6803
32.3786
37.5134
27.554
38.3758
40.0771
32.9273
32.8841
31.8989
33.8456
34.1361
46.7696
31.8688
40.0889
36.6407
33.3444
29.4268
32.9277
39.2044
34.9833
33.4058
35.8653
33.2722
41.8773
30.7947
21.4827
33.8191
31.0015
40.6997
34.3176
25.6975
29.6314
31.0847
37.5963
39.3763
33.9165
37.6137
33.2114
35.3035
32.6997
40.952
35.4263
40.7277
23.0738
31.1596
27.1823
40.8714
32.0277
36.4212
34.1116
35.4258
28.2286
40.2307
36.1314
34.557
33.6045
43.2714
34.8423
38.2872
35.7362
39.3387
29.2767
37.7667
38.2263
39.3271
34.0947
34.0544
35.5096
34.6968
36.2282
39.7056
26.4503
33.1531
39.6835
35.2407
32.174
36.829
40.8366
29.534
34.4713
43.5208
30.7276
28.4992
38.3316
28.793
29.5211
43.3312
45.4974
33.5014
47.1273
34.6931
30.158
34.615
36.5067
22.4649
37.0295
38.8617
41.064
34.2916
38.4353
35.9175
25.6167
34.3773
40.4381
31.0433
35.6177
34.3542
30.864
39.301
30.9969
35.5871
35.6481
45.3248
36.4115
32.5314
38.7327
36.3103
34.8044
38.9148
24.713
37.0504
42.3644
33.885
39.6992
50.4934
30.6965
38.0586
43.4098
25.4123
30.0524
44.0308
45.2001
31.8249
30.6706
47.8164
38.2236
39.3027
29.2562
42.3116
37.0352
36.5638
33.284
36.7671
32.7905
30.4803
36.6965
37.8473
35.545
37.0368
46.7194
25.113
47.1294
41.786
37.5735
27.0825
28.5768
36.2624
41.77
28.7974
35.4689
29.3487
49.0016
36.531
35.772
35.8631
43.5455
29.2692
35.2426
29.078
33.9814
38.5681
33.5548
40.9035
35.7976
54.1654
35.8416
34.9307
40.7658
30.8287
33.7829
31.6452
48.972
32.5641
36.697
29.0696
39.2513
45.0135
39.2871
45.5263
27.7832
42.5176
32.2396
28.3896
40.9026
41.3623
44.9413
43.1462
28.4126
35.364
46.2496
31.4706
38.35
36.5134
27.1901
29.913
38.125
42.4687
41.9148
47.2377
23.6894
28.9855
37.6441
31.927
34.0793
40.17
30.9403
29.3257
30.0545
38.179
40.1727
39.1448
32.515
30.0871
24.9581
39.4098
38.4409
46.2878
41.9342
33.7511
34.1985
32.7103
41.8774
34.1156
33.2207
35.8032
41.7423
32.4719
50.3481
31.6343
38.1053
42.6761
39.51
38.6609
28.2044
37.918
39.3442
33.3869
36.9975
40.5335
39.9197
28.5473
34.6264
31.4813
35.3046
32.3362
57.6097
36.9503
43.2764
40.2574
36.4921
29.5021
29.4484
39.416
36.6453
30.8089
33.3469
35.7322
39.8444
32.7747
34.12
36.7491
36.8643
36.9035
44.5754
38.5554
47.4574
37.1985
32.9046
27.5973
45.4248
36.4239
37.9825
39.7795
39.4074
35.7064
39.6461
34.8477
33.2322
26.7062
41.8332
41.865
28.5639
38.9724
48.794
34.9139
30.3664
52.5671
48.5846
39.3369
37.2529
36.0208
34.939
45.7842
43.0408
40.0079
22.7896
41.2599
36.6314
28.011
33.4636
32.7586
28.5865
30.225
32.1292
34.8254
35.1537
51.2686
36.8904
34.9166
33.584
34.0104
46.3262
41.2958
30.2539
41.0172
39.0831
43.6446
35.9459
44.8963
34.3218
30.5842
43.507
32.5728
37.9478
30.7913
30.7144
37.344
33.3205
49.0813
30.7132
39.7795
40.9366
36.7311
40.2095
28.1695
44.0265
33.0385
43.4312
31.3568
38.1684
47.62
43.9222
28.6205
28.3541
28.1524
33.053
47.4925
29.2152
53.8628
39.498
40.8665
29.8584
47.0255
29.4282
45.0846
35.3049
39.3395
39.3086
42.9308
35.6539
40.4665
44.665
30.1425
34.5903
41.7616
48.0211
46.1483
43.4708
34.3908
33.3247
35.2966
34.8181
36.2327
44.11
31.7845
53.8658
39.3264
40.1911
39.7378
52.6784
43.7204
48.9911
37.3334
34.6322
26.8542
33.4979
38.4764
31.3457
40.2615
35.8292
39.1844
29.1863
29.8502
27.419
35.7512
37.2834
33.1444
44.4684
37.637
34.0604
31.9984
36.874
31.3439
41.8302
34.169
28.0137
30.8565
28.7932
39.2302
36.6866
37.4795
37.8419
38.1516
36.2818
34.0764
45.9054
44.0624
39.9346
38.6057
39.3803
39.5639
41.7421
45.554
35.1372
46.9205
41.9092
34.2178
38.2461
54.2373
35.8529
37.5499
44.2992
36.5022
43.1422
28.3324
33.938
41.7434
55.9735
32.5281
31.2462
36.4545
37.9401
37.1821
38.0128
40.4155
34.99
33.4827
40.4495
46.3078
34.7879
30.6762
46.0141
42.3228
41.8932
38.4704
51.2933
42.2319
46.167
40.0523
45.3292
43.8096
37.7678
46.5567
36.3957
37.1283
29.3241
43.0924
30.1416
42.9895
43.1316
40.7289
37.9179
33.8539
39.2888
46.1454
41.6134
30.2379
39.1958
43.2005
42.9029
52.2882
50.1193
36.787
37.7241
40.0506
36.3032
47.0288
43.8184
37.4475
48.5977
45.1905
32.4246
35.0047
34.3289
33.4436
39.5815
43.7877
34.4984
33.8864
32.0011
32.241
42.8995
29.9595
32.4903
44.2261
35.8238
37.4958
31.3811
44.9495
44.0858
36.679
41.6084
45.4514
41.8882
36.464
34.4962
34.7445
44.7151
37.4866
40.7415
40.0606
34.6679
46.3023
43.8636
47.4227
29.2269
39.4576
36.6841
39.091
35.7318
31.0326
44.0234
32.1357
36.57
39.0538
46.8208
44.5514
44.7126
33.9161
49.703
37.4953
40.2094
32.8654
35.004
34.0367
49.1816
42.6274
40.7932
44.7712
38.9417
43.5189
47.9294
41.5433
36.2112
35.4041
50.8026
37.3408
37.5923
32.5547
46.3371
39.8485
51.9784
33.5514
42.0821
36.4653
40.7034
31.8964
33.7579
34.7152
33.5572
36.3851
34.5704
45.401
30.5732
42.5965
43.7338
40.1857
45.7147
43.9143
35.5467
34.3933
43.3062
37.382
39.0127
34.4631
48.5631
30.3224
43.5965
41.6715
31.3256
37.3941
37.9202
46.8701
31.7886
44.6054
37.4501
29.7115
45.5015
50.2362
37.113
27.9824
31.9364
38.6618
33.185
35.1522
35.2559
29.1534
35.892
53.0624
36.0494
37.8261
48.1824
37.9175
43.7616
